0 0.115122 0.042927 0.063415 0.083252
0 0.256098 0.107967 0.057561 0.070244
0 0.328902 0.116098 0.065122 0.080000
0 0.271585 0.267805 0.067561 0.073821
0 0.198049 0.254309 0.063415 0.076748
0 0.063049 0.258049 0.065122 0.086829
0 0.162561 0.527480 0.064146 0.083252
0 0.093537 0.546992 0.057805 0.083252
0 0.066707 0.692195 0.072439 0.079024
0 0.262073 0.644065 0.051951 0.080325
0 0.284146 0.788780 0.061951 0.072520
0 0.392317 0.697561 0.061707 0.081301
0 0.565854 0.577886 0.062439 0.078049
0 0.659756 0.521463 0.063415 0.093333
0 0.655732 0.338862 0.065122 0.081301
0 0.576463 0.171382 0.064146 0.086504
0 0.376098 0.357724 0.073171 0.078049
0 0.369512 0.603902 0.074634 0.082602
0 0.537805 0.821789 0.066829 0.084553
0 0.608902 0.884065 0.064146 0.072520
0 0.798049 0.779512 0.068293 0.076098
0 0.949512 0.487967 0.065854 0.088780
0 0.781341 0.061951 0.059268 0.075772
0 0.170732 0.612033 0.052683 0.059837
0 0.133049 0.886829 0.055366 0.080000
1 0.558902 0.275935 0.027561 0.038049
2 0.583293 0.360488 0.086098 0.077073
2 0.722317 0.340976 0.070000 0.096585
2 0.634512 0.241301 0.051951 0.089756
2 0.486098 0.179512 0.085366 0.057236
2 0.470366 0.895610 0.081220 0.065041
2 0.700000 0.770732 0.067317 0.078049
2 0.693415 0.660325 0.060976 0.093333
2 0.158537 0.384878 0.060976 0.069268
2 0.838659 0.223902 0.071463 0.090081
2 0.888293 0.769756 0.039024 0.084553
2 0.724390 0.934472 0.074146 0.088780
2 0.386951 0.929593 0.052927 0.072520
