0 0.064268 0.058699 0.062683 0.069268
0 0.154878 0.265691 0.082927 0.084553
0 0.103659 0.392520 0.055122 0.073496
0 0.037439 0.346992 0.062683 0.082602
0 0.229268 0.511220 0.079024 0.092358
0 0.277195 0.721463 0.059268 0.070569
0 0.305732 0.604553 0.073902 0.087805
0 0.492195 0.311220 0.058537 0.086504
0 0.519878 0.067967 0.060244 0.087805
0 0.764268 0.229431 0.059268 0.079024
0 0.855366 0.325366 0.060976 0.082276
0 0.758171 0.379024 0.055366 0.072520
0 0.854512 0.620163 0.054390 0.097561
0 0.936220 0.628943 0.070000 0.097561
0 0.835000 0.724715 0.062683 0.064065
0 0.974146 0.723089 0.051707 0.077724
0 0.687317 0.753008 0.068293 0.085528
0 0.620366 0.925854 0.062683 0.084553
0 0.542317 0.836911 0.064146 0.082276
0 0.490610 0.600650 0.060244 0.066992
0 0.310610 0.150732 0.064146 0.082276
0 0.671585 0.343740 0.067561 0.066992
0 0.549146 0.529593 0.076341 0.079024
0 0.398780 0.773659 0.058537 0.081301
0 0.341098 0.742602 0.050488 0.086829
1 0.478902 0.393659 0.033415 0.043252
2 0.833171 0.179512 0.073171 0.070244
2 0.874024 0.533008 0.069024 0.061789
2 0.286585 0.813659 0.087805 0.066341
2 0.288171 0.389268 0.076341 0.091057
2 0.124756 0.478049 0.079756 0.071545
2 0.682561 0.480325 0.076341 0.069593
