0 0.055244 0.251545 0.087073 0.099837
0 0.022317 0.093496 0.044146 0.079675
0 0.234878 0.156260 0.065854 0.086829
0 0.304024 0.187154 0.069024 0.092033
0 0.395122 0.226667 0.060976 0.084553
0 0.468659 0.242927 0.061707 0.071545
0 0.436220 0.323089 0.076341 0.086829
0 0.350366 0.401138 0.052927 0.095285
0 0.272317 0.277073 0.067561 0.074797
0 0.286220 0.366992 0.059268 0.072520
0 0.447561 0.122602 0.066829 0.089106
0 0.515000 0.052195 0.070000 0.075772
0 0.674390 0.156260 0.063415 0.093333
0 0.748415 0.275447 0.060244 0.082602
0 0.732927 0.428293 0.066829 0.089106
0 0.800488 0.524228 0.078049 0.059837
0 0.677195 0.693333 0.064146 0.089756
0 0.797195 0.819675 0.074878 0.067317
0 0.812195 0.933984 0.065854 0.094309
0 0.395122 0.568618 0.059512 0.072520
0 0.290244 0.621138 0.060976 0.071545
0 0.341829 0.680325 0.066585 0.081301
0 0.528049 0.695610 0.064878 0.068293
0 0.648049 0.543740 0.060976 0.085854
0 0.590610 0.518699 0.056829 0.081301
0 0.817073 0.384390 0.051220 0.098862
0 0.876829 0.100325 0.060000 0.083577
0 0.972195 0.288455 0.055610 0.082602
0 0.743415 0.919350 0.058537 0.082602
0 0.243049 0.782276 0.069024 0.072520
0 0.197561 0.863577 0.065854 0.083577
0 0.125976 0.813659 0.064146 0.087805
1 0.484512 0.492195 0.028537 0.036748
1 0.189024 0.406016 0.042439 0.064065
1 0.481707 0.573008 0.022927 0.033821
2 0.166585 0.332358 0.070732 0.083252
2 0.641463 0.068455 0.079024 0.060813
