0 0.104512 0.157236 0.070000 0.095285
0 0.111829 0.042439 0.070000 0.062764
0 0.102927 0.290081 0.063415 0.070244
0 0.147073 0.368130 0.070732 0.076748
0 0.351220 0.318211 0.077073 0.070569
0 0.331707 0.112846 0.065854 0.089106
0 0.327195 0.603415 0.061707 0.079024
0 0.251220 0.634797 0.064390 0.063740
0 0.439756 0.319837 0.070732 0.075772
0 0.579268 0.383902 0.064878 0.095285
0 0.534146 0.222927 0.059512 0.085528
0 0.705244 0.107967 0.070000 0.089756
0 0.835366 0.426667 0.069756 0.083252
0 0.265488 0.726341 0.065122 0.075772
0 0.201220 0.904065 0.068293 0.078049
0 0.421951 0.508943 0.072195 0.094309
0 0.490244 0.668943 0.065854 0.073496
0 0.513780 0.758374 0.062683 0.081301
0 0.623537 0.837398 0.057805 0.081301
0 0.651707 0.751382 0.058537 0.080325
0 0.700366 0.612033 0.066585 0.094309
0 0.917927 0.588780 0.059268 0.082276
0 0.936220 0.065203 0.061707 0.093333
1 0.752439 0.858699 0.029268 0.034797
2 0.421951 0.140488 0.056098 0.098862
2 0.543049 0.098211 0.048049 0.061789
2 0.874024 0.281951 0.064146 0.065041
2 0.398293 0.592033 0.060976 0.049756
2 0.611341 0.461789 0.073902 0.065041
2 0.227195 0.028943 0.065122 0.057236
