0 0.151951 0.063577 0.070732 0.090081
0 0.141098 0.171382 0.060244 0.078049
0 0.306463 0.302114 0.059268 0.100813
0 0.471951 0.119837 0.073171 0.105041
0 0.317805 0.130732 0.070732 0.074797
0 0.236220 0.159512 0.061707 0.069268
0 0.190732 0.252195 0.063415 0.077073
0 0.069146 0.336748 0.067561 0.079024
0 0.037805 0.513984 0.074634 0.080325
0 0.294268 0.486829 0.062683 0.093008
0 0.491829 0.522602 0.072439 0.069593
0 0.221220 0.697073 0.065854 0.075772
0 0.129268 0.874959 0.064390 0.075772
0 0.035366 0.879350 0.060000 0.078049
0 0.081341 0.781138 0.059268 0.072846
0 0.058780 0.698211 0.050244 0.069593
0 0.638659 0.176748 0.065122 0.095285
0 0.744268 0.153496 0.071463 0.081301
0 0.755244 0.259837 0.067561 0.081301
0 0.881341 0.295447 0.062683 0.083577
0 0.960244 0.396911 0.065854 0.088780
0 0.969878 0.555122 0.057805 0.076098
0 0.789390 0.703577 0.069024 0.095285
0 0.588537 0.782764 0.065854 0.069593
0 0.380000 0.915610 0.063415 0.092033
0 0.265122 0.935610 0.065854 0.065041
1 0.508902 0.746016 0.025122 0.032520
1 0.629390 0.852683 0.023659 0.035772
1 0.061829 0.083089 0.023659 0.033496
2 0.509756 0.381626 0.064390 0.099837
2 0.914146 0.615285 0.053659 0.111870
2 0.283659 0.802276 0.060976 0.095610
2 0.350366 0.840163 0.062683 0.075772
2 0.409756 0.782764 0.080488 0.053984
2 0.497195 0.610894 0.070000 0.085528
2 0.668659 0.615285 0.066585 0.096260
2 0.750732 0.948293 0.068293 0.103415
2 0.628049 0.079837 0.087805 0.085528
