0 0.151220 0.097236 0.069268 0.074797
0 0.093902 0.036423 0.066829 0.068293
0 0.230854 0.182764 0.064146 0.087805
0 0.246341 0.059675 0.062439 0.073821
0 0.510244 0.085203 0.068293 0.076748
0 0.473171 0.161138 0.056098 0.066016
0 0.263415 0.311220 0.072195 0.082602
0 0.161829 0.428943 0.064146 0.087805
0 0.356098 0.453821 0.059512 0.085528
0 0.413780 0.519350 0.057805 0.097561
0 0.469878 0.583252 0.067561 0.069268
0 0.419878 0.823415 0.060244 0.083252
0 0.298049 0.638049 0.068293 0.074797
0 0.226829 0.687805 0.060976 0.074797
0 0.415854 0.647805 0.068293 0.076748
0 0.130488 0.730732 0.079512 0.080000
0 0.071951 0.879837 0.055122 0.083577
0 0.053659 0.790894 0.083902 0.072846
0 0.730854 0.171382 0.069024 0.086504
0 0.709024 0.375122 0.065854 0.069268
0 0.764634 0.450081 0.057073 0.084553
0 0.695976 0.497073 0.078780 0.072520
0 0.792317 0.658699 0.061707 0.085528
0 0.826829 0.916748 0.059512 0.094309
0 0.883293 0.846829 0.061707 0.097561
0 0.950000 0.954472 0.063415 0.081301
0 0.832439 0.751870 0.065854 0.079350
0 0.919878 0.493333 0.060244 0.082602
0 0.866585 0.570407 0.051220 0.097561
0 0.958537 0.648943 0.052683 0.077073
1 0.541829 0.215285 0.026098 0.033821
1 0.370366 0.699837 0.027561 0.033821
1 0.154878 0.674309 0.020976 0.023740
2 0.369512 0.380000 0.113659 0.059512
2 0.832927 0.505691 0.081463 0.068293
2 0.682073 0.927480 0.077317 0.098862
2 0.506951 0.827154 0.089512 0.075772
2 0.253659 0.819675 0.065854 0.101789
2 0.634146 0.258049 0.049756 0.082276
