0 0.135366 0.062276 0.057073 0.070569
0 0.041098 0.138211 0.066585 0.078699
0 0.277073 0.234797 0.059024 0.085854
0 0.436341 0.193659 0.060976 0.079024
0 0.248902 0.427317 0.071463 0.094309
0 0.328537 0.400813 0.073171 0.075772
0 0.425976 0.327967 0.057805 0.075122
0 0.512439 0.467154 0.071220 0.078374
0 0.084878 0.339512 0.071220 0.087805
0 0.159512 0.682276 0.064878 0.072195
0 0.078659 0.568943 0.059268 0.082276
0 0.030854 0.504228 0.061220 0.073821
0 0.326220 0.738211 0.061707 0.088455
0 0.299878 0.886504 0.076829 0.099512
0 0.401951 0.963902 0.071220 0.072195
0 0.603780 0.663740 0.072439 0.083252
0 0.499390 0.742439 0.065122 0.078049
0 0.558537 0.036423 0.057561 0.070244
0 0.895488 0.081626 0.066585 0.070244
0 0.903659 0.412195 0.061951 0.103089
0 0.934268 0.552195 0.056829 0.081301
0 0.627439 0.461626 0.061220 0.075772
0 0.654756 0.777561 0.063659 0.083252
0 0.565854 0.218049 0.054634 0.075772
0 0.870732 0.891220 0.072195 0.095285
0 0.753659 0.696911 0.072195 0.102114
0 0.787683 0.223415 0.066098 0.086504
0 0.852195 0.201951 0.055122 0.068293
1 0.597927 0.517724 0.022683 0.037724
1 0.950366 0.056423 0.030000 0.041301
1 0.528049 0.966179 0.016098 0.027317
2 0.547195 0.328455 0.078780 0.097561
2 0.637317 0.260163 0.080488 0.065041
2 0.674390 0.195285 0.057073 0.049756
2 0.833293 0.762114 0.078780 0.108293
2 0.746829 0.808780 0.076585 0.063089
2 0.062195 0.688943 0.053659 0.109593
