0 0.172317 0.146504 0.059268 0.093333
0 0.208537 0.325203 0.069756 0.084553
0 0.287439 0.201138 0.066585 0.072520
0 0.385000 0.239675 0.076341 0.097561
0 0.521951 0.335610 0.070732 0.092358
0 0.428537 0.615772 0.065854 0.088780
0 0.343537 0.702114 0.066585 0.087805
0 0.282561 0.813659 0.065122 0.089756
0 0.123902 0.493821 0.068293 0.066016
0 0.161341 0.402764 0.061707 0.066016
0 0.091829 0.411545 0.044634 0.070569
0 0.029268 0.419024 0.057561 0.090081
0 0.521098 0.651707 0.064146 0.110569
0 0.659756 0.647805 0.061951 0.083252
0 0.600488 0.427154 0.058537 0.086829
0 0.873171 0.248293 0.060976 0.075772
0 0.920366 0.086829 0.059268 0.086504
0 0.745488 0.764878 0.069024 0.085854
0 0.803659 0.856098 0.073171 0.092033
0 0.602439 0.876585 0.070732 0.079024
0 0.390610 0.079187 0.071463 0.067317
0 0.353659 0.595285 0.062439 0.080325
0 0.641463 0.512358 0.057561 0.083577
0 0.499268 0.136748 0.065854 0.082276
0 0.543415 0.102439 0.068293 0.074797
1 0.470732 0.471057 0.026829 0.025041
2 0.322439 0.348618 0.058537 0.063740
2 0.673171 0.272195 0.060976 0.104065
2 0.761341 0.441951 0.094390 0.068293
2 0.934634 0.454309 0.078049 0.073496
