0 0.124634 0.148943 0.071220 0.087805
0 0.268902 0.177724 0.067561 0.076423
0 0.275610 0.265528 0.062439 0.071870
0 0.275122 0.361951 0.071220 0.078049
0 0.158171 0.232195 0.056829 0.087805
0 0.078537 0.255285 0.060976 0.081301
0 0.127561 0.318211 0.059024 0.068618
0 0.107195 0.397724 0.059268 0.081951
0 0.228659 0.451057 0.066585 0.091057
0 0.295000 0.513008 0.056341 0.090081
0 0.375122 0.482602 0.071220 0.065041
0 0.463049 0.491220 0.066585 0.062764
0 0.269634 0.731220 0.062683 0.077073
0 0.148415 0.894472 0.065122 0.075772
0 0.321220 0.630894 0.060976 0.080000
0 0.181829 0.602439 0.062683 0.080325
0 0.543659 0.170569 0.062439 0.072520
0 0.468902 0.219675 0.062683 0.066016
0 0.390122 0.121951 0.064146 0.098862
0 0.655610 0.327967 0.063415 0.081626
0 0.742073 0.252033 0.056341 0.085203
0 0.727195 0.351220 0.063659 0.075447
0 0.798537 0.352358 0.058537 0.075772
0 0.883537 0.259675 0.064146 0.077073
0 0.891220 0.471057 0.063415 0.070569
0 0.800854 0.620325 0.072439 0.092033
0 0.739146 0.753984 0.074878 0.072520
0 0.717683 0.896748 0.066098 0.059512
0 0.598415 0.809431 0.057805 0.087805
0 0.619756 0.689268 0.060488 0.080325
0 0.522683 0.566829 0.059024 0.084553
0 0.646463 0.116260 0.076341 0.083577
0 0.893171 0.164715 0.058537 0.084878
0 0.871220 0.564715 0.070732 0.084878
0 0.914390 0.840325 0.072195 0.087805
0 0.930488 0.954472 0.060000 0.087805
0 0.573171 0.969593 0.075610 0.059512
0 0.478780 0.969919 0.054634 0.060163
0 0.301341 0.818049 0.062683 0.083577
0 0.116220 0.724228 0.067561 0.080000
0 0.115000 0.621789 0.058780 0.094309
0 0.047927 0.871382 0.062683 0.088780
1 0.028049 0.702602 0.037561 0.041301
1 0.058902 0.756585 0.027561 0.041301
1 0.020732 0.807154 0.032683 0.037724
1 0.419390 0.187642 0.024634 0.038374
2 0.070366 0.062439 0.056829 0.066341
2 0.432927 0.568780 0.081463 0.068293
2 0.830000 0.845691 0.056098 0.082276
2 0.728902 0.967317 0.115366 0.065366
2 0.879756 0.904715 0.070732 0.053333
2 0.550366 0.890569 0.083659 0.064065
2 0.730000 0.568130 0.060976 0.084553
