0 0.225244 0.061626 0.052927 0.086829
0 0.404268 0.080976 0.065122 0.094309
0 0.517195 0.247805 0.070000 0.089756
0 0.575610 0.339837 0.056098 0.089756
0 0.455854 0.337236 0.063415 0.102114
0 0.356585 0.374959 0.060976 0.081951
0 0.228415 0.224065 0.064146 0.097561
0 0.217317 0.579837 0.050732 0.088455
0 0.335732 0.654634 0.067561 0.078049
0 0.625122 0.572683 0.068780 0.081301
0 0.578049 0.662764 0.065854 0.081301
0 0.813537 0.750569 0.067561 0.081301
0 0.879024 0.793333 0.061951 0.084878
0 0.513415 0.929268 0.053659 0.070569
0 0.678415 0.087480 0.061707 0.107317
0 0.810610 0.227642 0.059268 0.086504
0 0.850854 0.490407 0.065122 0.078699
0 0.289756 0.401301 0.066341 0.078049
0 0.085244 0.750407 0.056341 0.073171
0 0.169268 0.893496 0.057073 0.083577
0 0.306098 0.884878 0.060000 0.085854
0 0.033415 0.068130 0.056098 0.073821
0 0.849512 0.328130 0.059024 0.091057
0 0.976341 0.226504 0.046829 0.089431
0 0.659024 0.246179 0.060976 0.073496
1 0.655610 0.369593 0.082927 0.060813
1 0.536341 0.594959 0.060976 0.110244
1 0.786341 0.316098 0.060000 0.061789
1 0.887805 0.209268 0.057561 0.065366
1 0.869878 0.043415 0.070976 0.080325
1 0.785732 0.139350 0.045610 0.092033
1 0.411951 0.232520 0.075610 0.078699
1 0.486341 0.106504 0.073171 0.092033
1 0.788415 0.413171 0.071463 0.067317
