0 0.108780 0.091382 0.080488 0.092358
0 0.195000 0.124228 0.054390 0.094309
0 0.337683 0.083252 0.066585 0.089106
0 0.320366 0.281626 0.062683 0.104065
0 0.404756 0.314472 0.076829 0.082602
0 0.481098 0.247154 0.073902 0.095610
0 0.451951 0.128130 0.078537 0.094309
0 0.606098 0.077398 0.061951 0.083252
0 0.635366 0.157236 0.066829 0.086829
0 0.627561 0.367805 0.053171 0.089756
0 0.568293 0.278374 0.070732 0.073496
0 0.462561 0.479350 0.067561 0.091057
0 0.456585 0.644390 0.070732 0.062114
0 0.412073 0.813171 0.064146 0.082276
0 0.036951 0.286504 0.063659 0.083252
1 0.449512 0.564878 0.020000 0.023415
1 0.800000 0.806179 0.030244 0.035772
2 0.904512 0.597398 0.061707 0.082602
2 0.612195 0.749268 0.060976 0.078049
2 0.583659 0.620813 0.065854 0.081301
