0 0.172683 0.041789 0.063415 0.077073
0 0.413049 0.146992 0.064146 0.087805
0 0.196341 0.179024 0.060000 0.080325
0 0.172805 0.288943 0.066585 0.085528
0 0.395488 0.325854 0.076341 0.076748
0 0.514634 0.216423 0.072195 0.083577
0 0.667439 0.122602 0.067561 0.086504
0 0.656585 0.209756 0.063415 0.081301
0 0.898780 0.394146 0.060000 0.068293
0 0.856951 0.509593 0.064146 0.076098
0 0.823659 0.660813 0.065854 0.074797
0 0.930854 0.575122 0.062683 0.072520
0 0.958171 0.480813 0.065122 0.083577
0 0.680854 0.480325 0.074878 0.086504
0 0.780122 0.353496 0.061707 0.078049
0 0.558171 0.442439 0.070000 0.075772
0 0.387805 0.564228 0.069268 0.087805
0 0.466220 0.729593 0.061707 0.093333
0 0.235366 0.647154 0.068293 0.078049
0 0.196341 0.415772 0.069756 0.079024
0 0.302805 0.434797 0.074878 0.069593
0 0.101585 0.331382 0.062683 0.081301
0 0.084146 0.245691 0.053659 0.072520
0 0.485732 0.851545 0.060244 0.066016
0 0.725976 0.904715 0.072439 0.076748
0 0.926098 0.844553 0.080488 0.110569
0 0.930610 0.956423 0.070000 0.087154
0 0.342683 0.903577 0.068293 0.059512
0 0.027195 0.771220 0.053902 0.079675
0 0.023902 0.886341 0.047317 0.079024
0 0.570732 0.875935 0.065854 0.093333
0 0.529634 0.629919 0.066585 0.091057
0 0.702805 0.399024 0.070000 0.080000
1 0.423171 0.018537 0.029268 0.030569
1 0.328415 0.131870 0.023659 0.031545
2 0.493537 0.390407 0.082195 0.069268
2 0.572805 0.346992 0.065122 0.073496
2 0.328902 0.522114 0.065122 0.057561
2 0.315000 0.594146 0.079756 0.076098
2 0.463780 0.945854 0.079756 0.059512
