0 0.334634 0.189268 0.073171 0.089756
0 0.222683 0.121463 0.065854 0.069268
0 0.205732 0.290081 0.073902 0.085854
0 0.276463 0.361138 0.067561 0.086829
0 0.377683 0.419512 0.056829 0.078049
0 0.416707 0.505691 0.066585 0.087805
0 0.570000 0.228780 0.056098 0.093333
0 0.715854 0.248293 0.069756 0.088780
0 0.736585 0.367480 0.064390 0.084553
0 0.606098 0.667805 0.069756 0.082276
0 0.884146 0.459675 0.061951 0.082276
1 0.215854 0.042927 0.035610 0.042276
2 0.192317 0.394634 0.089512 0.073821
2 0.797195 0.509593 0.065122 0.097561
2 0.738171 0.813659 0.083659 0.063740
2 0.896707 0.346992 0.069024 0.066992
