0 0.153659 0.072846 0.060976 0.078049
0 0.198415 0.186667 0.062683 0.091057
0 0.356463 0.231057 0.060244 0.069268
0 0.493049 0.252195 0.071463 0.092033
0 0.569878 0.293821 0.057805 0.095285
0 0.660244 0.309593 0.070732 0.081301
0 0.786098 0.256911 0.075610 0.097561
0 0.880976 0.205528 0.053659 0.092358
0 0.869878 0.099187 0.059268 0.061789
0 0.349634 0.124228 0.072439 0.076748
0 0.088659 0.354472 0.069024 0.084553
0 0.032073 0.466829 0.060244 0.079024
0 0.171951 0.822927 0.074634 0.073821
0 0.239024 0.599512 0.056098 0.088780
0 0.159390 0.682927 0.062683 0.071545
0 0.036585 0.802927 0.062439 0.081301
0 0.585366 0.447317 0.070732 0.079024
0 0.567439 0.933984 0.069024 0.085854
0 0.918659 0.955122 0.062683 0.069593
1 0.693171 0.732358 0.034146 0.042276
2 0.457317 0.442439 0.074634 0.093333
2 0.165488 0.432520 0.086098 0.084553
2 0.904146 0.517073 0.056098 0.091057
2 0.701585 0.832683 0.077317 0.086829
2 0.785366 0.885854 0.080488 0.084553
2 0.543537 0.699837 0.051951 0.120325
