0 0.195854 0.149593 0.060976 0.071545
0 0.154146 0.457073 0.063415 0.085528
0 0.395122 0.418537 0.069268 0.084553
0 0.351220 0.688943 0.054634 0.083577
0 0.460976 0.563252 0.072195 0.081301
0 0.700854 0.349593 0.072439 0.087805
0 0.721951 0.174146 0.064390 0.085528
0 0.739390 0.061951 0.056829 0.075772
0 0.785366 0.125366 0.069268 0.079024
0 0.483780 0.244553 0.044634 0.061789
0 0.649878 0.240163 0.056829 0.077073
0 0.644634 0.405528 0.056098 0.071545
0 0.931341 0.478049 0.060244 0.071545
0 0.591829 0.866341 0.062683 0.071545
0 0.165488 0.583252 0.055366 0.073821
0 0.450854 0.141138 0.061707 0.078049
0 0.767805 0.260813 0.058537 0.085854
1 0.582073 0.969268 0.043171 0.043252
1 0.554390 0.742602 0.026829 0.030244
1 0.817805 0.864065 0.021951 0.034472
1 0.070244 0.242927 0.029268 0.034472
1 0.300366 0.229268 0.022683 0.029268
2 0.130854 0.258049 0.072439 0.075772
2 0.140610 0.325854 0.067561 0.070244
2 0.256463 0.221301 0.056829 0.082276
2 0.201585 0.810407 0.064146 0.087805
2 0.609756 0.732846 0.060976 0.108293
2 0.683415 0.707317 0.078049 0.061789
2 0.702439 0.519837 0.064390 0.083577
2 0.233415 0.599024 0.070732 0.070244
