0 0.043902 0.096585 0.074146 0.093008
0 0.124512 0.089431 0.059268 0.061789
0 0.289878 0.063415 0.071463 0.081301
0 0.397561 0.065691 0.067317 0.092358
0 0.522683 0.173008 0.070732 0.087805
0 0.482561 0.259187 0.070000 0.084553
0 0.320366 0.273333 0.069024 0.095285
0 0.088293 0.282927 0.082927 0.091057
0 0.149634 0.519837 0.064146 0.090081
0 0.314146 0.494959 0.066829 0.083252
0 0.659756 0.500813 0.068293 0.091057
0 0.651707 0.819675 0.068293 0.086829
0 0.707683 0.905203 0.056829 0.086829
0 0.663415 0.082439 0.067317 0.093333
0 0.589024 0.218049 0.063415 0.075772
0 0.793415 0.663089 0.070732 0.081301
0 0.058537 0.838699 0.067317 0.081301
1 0.235366 0.173496 0.022927 0.030244
1 0.880976 0.480325 0.019512 0.027967
2 0.521220 0.498211 0.085366 0.066341
2 0.486951 0.080325 0.078780 0.082602
