0 0.068293 0.093333 0.060976 0.076098
0 0.120366 0.351870 0.069024 0.085854
0 0.161463 0.477724 0.068293 0.074797
0 0.057317 0.545366 0.073171 0.086504
0 0.425122 0.129593 0.060976 0.079024
0 0.419512 0.040813 0.065854 0.070569
0 0.408049 0.443577 0.065854 0.084553
0 0.430488 0.727967 0.058537 0.079024
0 0.285366 0.839187 0.064390 0.088780
0 0.190610 0.703740 0.066585 0.078049
0 0.245488 0.530732 0.054390 0.079350
0 0.752805 0.641789 0.069024 0.088780
0 0.861341 0.869431 0.084634 0.075772
0 0.771463 0.955610 0.060976 0.079024
0 0.939512 0.349593 0.073171 0.094309
0 0.863415 0.216911 0.059512 0.071545
0 0.651220 0.202276 0.085366 0.079350
0 0.640244 0.389919 0.066829 0.081301
0 0.662195 0.570894 0.055122 0.066016
0 0.530488 0.586016 0.060000 0.081301
0 0.550366 0.763252 0.064146 0.078049
0 0.463780 0.828293 0.051951 0.073496
0 0.620244 0.902602 0.060976 0.083577
0 0.328049 0.407642 0.081463 0.069268
1 0.323537 0.720325 0.028537 0.035772
1 0.409268 0.925854 0.043902 0.052033
1 0.251951 0.337886 0.031707 0.035772
2 0.168780 0.091220 0.068293 0.080325
2 0.485000 0.385528 0.081220 0.066016
2 0.590732 0.454309 0.073171 0.063089
2 0.271220 0.609268 0.078049 0.088780
