0 0.099390 0.174309 0.079756 0.097561
0 0.147073 0.248780 0.068780 0.083252
0 0.335732 0.238537 0.077317 0.099837
0 0.307317 0.071545 0.060976 0.084553
0 0.201585 0.154634 0.054390 0.079024
0 0.179268 0.432033 0.069756 0.070569
0 0.414268 0.323577 0.060244 0.087805
0 0.520732 0.334472 0.063415 0.090081
0 0.595122 0.358862 0.067317 0.082276
0 0.547927 0.444553 0.054390 0.086504
0 0.548780 0.549756 0.059512 0.095285
0 0.684146 0.608780 0.061951 0.079350
0 0.655610 0.757724 0.063415 0.071545
0 0.467805 0.777886 0.058537 0.076748
0 0.487317 0.871707 0.063415 0.088780
0 0.361829 0.823902 0.067561 0.093333
0 0.311829 0.895935 0.051951 0.061789
0 0.278902 0.717724 0.067561 0.086504
0 0.247195 0.586504 0.064146 0.082276
0 0.526829 0.119837 0.069268 0.096585
0 0.851220 0.074959 0.067317 0.088780
0 0.792683 0.350244 0.062439 0.091057
0 0.836098 0.377236 0.053659 0.065041
0 0.922805 0.468293 0.064146 0.084553
0 0.953171 0.703577 0.068293 0.082276
0 0.846707 0.702439 0.066585 0.091057
0 0.774390 0.805528 0.063415 0.080000
0 0.643537 0.286829 0.065122 0.083252
0 0.697927 0.865041 0.061707 0.071545
0 0.038659 0.372033 0.074878 0.091057
0 0.150854 0.867317 0.051951 0.058537
0 0.044024 0.967317 0.057805 0.065366
0 0.862195 0.244553 0.055122 0.074797
0 0.894268 0.634146 0.069024 0.084553
0 0.474878 0.052033 0.065854 0.065041
0 0.251585 0.934634 0.061707 0.091057
0 0.078537 0.538211 0.053659 0.068293
1 0.021951 0.487317 0.040000 0.051057
1 0.528049 0.767480 0.022927 0.052033
1 0.566707 0.906829 0.044634 0.057561
1 0.810244 0.607154 0.034146 0.037073
2 0.336220 0.566992 0.074878 0.080325
2 0.291098 0.493333 0.078780 0.112520
2 0.822439 0.859187 0.058537 0.081301
2 0.609756 0.185528 0.069268 0.080325
2 0.229756 0.345366 0.073171 0.066341
2 0.129634 0.770407 0.070000 0.068293
2 0.550732 0.818537 0.053659 0.045528
