0 0.144878 0.093984 0.058537 0.074797
0 0.165854 0.191220 0.075610 0.072195
0 0.311829 0.135772 0.064146 0.075122
0 0.393659 0.315935 0.061951 0.080325
0 0.311220 0.511220 0.063415 0.079350
0 0.054024 0.204878 0.059268 0.074797
0 0.856463 0.119512 0.059268 0.081626
0 0.844878 0.697561 0.063902 0.080000
0 0.888171 0.777398 0.056829 0.075122
0 0.959512 0.740976 0.061463 0.079024
0 0.635732 0.744878 0.062683 0.073171
0 0.676220 0.823577 0.062683 0.071870
0 0.649146 0.914472 0.062683 0.087805
0 0.461707 0.818537 0.060000 0.092358
0 0.458780 0.704065 0.060976 0.080000
0 0.431098 0.592033 0.066585 0.086179
0 0.288537 0.870407 0.060976 0.076423
0 0.213415 0.942276 0.061951 0.068618
0 0.085366 0.707805 0.057561 0.070569
0 0.147927 0.753984 0.059268 0.072520
0 0.071463 0.347480 0.060000 0.066016
0 0.958171 0.204878 0.066585 0.083252
0 0.777317 0.324878 0.058537 0.081951
0 0.713902 0.123740 0.053659 0.073821
0 0.629024 0.445528 0.070732 0.065041
0 0.558537 0.793496 0.069268 0.071545
0 0.280122 0.590894 0.056829 0.093008
1 0.810976 0.157886 0.029268 0.038049
2 0.598415 0.226667 0.038293 0.099512
2 0.548780 0.710732 0.093659 0.059512
2 0.421585 0.911707 0.074878 0.075772
2 0.193902 0.838049 0.069756 0.089106
2 0.208171 0.461951 0.059268 0.060813
2 0.476829 0.225041 0.064878 0.070244
2 0.162195 0.275935 0.061951 0.064065
2 0.773659 0.542114 0.047317 0.091057
