0 0.191098 0.138211 0.067561 0.081301
0 0.272683 0.111220 0.073171 0.081301
0 0.356463 0.088943 0.066585 0.095285
0 0.330976 0.188780 0.065854 0.095285
0 0.265000 0.205528 0.059268 0.092358
0 0.310610 0.325854 0.067561 0.094309
0 0.285366 0.461301 0.062439 0.085528
0 0.327195 0.538374 0.056829 0.092033
0 0.448780 0.419024 0.067317 0.111545
0 0.480366 0.248455 0.062683 0.078049
0 0.789024 0.178374 0.063415 0.090081
0 0.677195 0.313984 0.067561 0.098537
0 0.728049 0.435285 0.073171 0.090081
0 0.707317 0.689431 0.069268 0.084553
0 0.859390 0.612520 0.067561 0.088780
0 0.919146 0.235935 0.066585 0.092033
0 0.933293 0.352358 0.077317 0.095285
0 0.945976 0.042927 0.065122 0.079350
0 0.575610 0.140000 0.077073 0.080325
0 0.563415 0.546992 0.064390 0.083252
0 0.528415 0.751382 0.073902 0.080325
0 0.619512 0.655935 0.070732 0.089106
0 0.309756 0.845691 0.067317 0.075772
0 0.229756 0.812520 0.068293 0.083577
0 0.190244 0.701951 0.065854 0.079024
0 0.049146 0.480813 0.070000 0.092033
0 0.112927 0.550732 0.070732 0.082276
0 0.149268 0.784878 0.068293 0.073821
0 0.089390 0.737236 0.052927 0.065041
0 0.088171 0.656423 0.066585 0.066016
0 0.479268 0.631545 0.064878 0.087805
0 0.435366 0.801789 0.064878 0.083577
0 0.840732 0.882602 0.075610 0.084553
0 0.942683 0.902114 0.055122 0.091057
0 0.166341 0.370244 0.073171 0.083577
0 0.369146 0.697236 0.072439 0.071545
0 0.392195 0.568130 0.058537 0.095610
1 0.586829 0.202276 0.026829 0.040325
1 0.625244 0.093984 0.030000 0.035772
1 0.351707 0.629268 0.043902 0.058537
2 0.601707 0.946504 0.080488 0.075772
2 0.785000 0.720488 0.061707 0.105041
2 0.754024 0.807154 0.060244 0.083252
2 0.650854 0.425691 0.056829 0.087805
2 0.510976 0.190894 0.074634 0.058537
2 0.163902 0.467805 0.092683 0.090081
