0 0.241829 0.322114 0.061707 0.080325
0 0.387317 0.491220 0.078049 0.101789
0 0.445976 0.421789 0.074878 0.095610
0 0.376829 0.312846 0.074634 0.094309
0 0.664634 0.529106 0.061951 0.093008
0 0.791829 0.517724 0.073902 0.102764
0 0.867927 0.279187 0.070000 0.103089
0 0.868659 0.923740 0.071463 0.088780
0 0.503902 0.860325 0.060976 0.096585
0 0.267073 0.916098 0.078049 0.086504
0 0.236951 0.832683 0.074878 0.086829
0 0.222805 0.745854 0.073902 0.086829
0 0.122805 0.470569 0.077317 0.084553
0 0.047927 0.259675 0.064146 0.083577
0 0.276829 0.223415 0.076585 0.086504
0 0.321951 0.682439 0.070732 0.083577
0 0.027561 0.831057 0.054634 0.100488
0 0.627683 0.787642 0.073902 0.083252
0 0.736585 0.802927 0.062439 0.094309
0 0.798293 0.867967 0.065854 0.087805
0 0.781707 0.366016 0.073171 0.092033
0 0.715854 0.317073 0.066829 0.087805
0 0.865488 0.495447 0.070000 0.095285
0 0.979024 0.539350 0.041951 0.093984
0 0.790244 0.641789 0.069268 0.095285
0 0.540244 0.183902 0.068293 0.085528
0 0.519146 0.065691 0.061707 0.098862
0 0.341951 0.169756 0.082927 0.072846
1 0.167439 0.628293 0.028537 0.033821
1 0.356098 0.145854 0.026829 0.040000
0 0.591463 0.518374 0.060000 0.091057
2 0.580976 0.368130 0.078049 0.083252
2 0.686220 0.184390 0.069024 0.091057
2 0.754878 0.249431 0.064878 0.078049
2 0.919878 0.074472 0.061707 0.100813
2 0.798780 0.099837 0.063415 0.099512
2 0.766707 0.168130 0.083659 0.089106
2 0.423902 0.144228 0.068293 0.075772
2 0.286585 0.086829 0.079512 0.095610
2 0.208902 0.059024 0.062683 0.085528
2 0.118293 0.241301 0.084390 0.070244
2 0.304146 0.374146 0.060976 0.086829
2 0.294756 0.516748 0.079756 0.087805
2 0.310122 0.794797 0.084634 0.071545
2 0.478049 0.677561 0.067317 0.086829
2 0.927683 0.650081 0.083659 0.094309
2 0.928659 0.966667 0.061220 0.066667
2 0.745122 0.703740 0.074634 0.097561
