0 0.085000 0.183902 0.066585 0.092033
0 0.233293 0.208780 0.067561 0.087805
0 0.315854 0.190894 0.060000 0.089106
0 0.820366 0.219675 0.073902 0.096585
0 0.939512 0.106341 0.068293 0.091057
0 0.970976 0.131545 0.058049 0.080976
0 0.810610 0.310894 0.072439 0.074797
0 0.653659 0.742602 0.065854 0.088780
0 0.732927 0.887967 0.078049 0.086829
0 0.817439 0.893821 0.070000 0.072520
0 0.822561 0.808780 0.051951 0.080000
0 0.954024 0.847805 0.056829 0.078049
0 0.406829 0.489593 0.063415 0.083577
0 0.546707 0.370732 0.066585 0.084553
0 0.511829 0.522602 0.065122 0.091057
0 0.402073 0.388130 0.071463 0.080325
0 0.321585 0.865691 0.065122 0.083252
1 0.373171 0.316748 0.030244 0.034472
1 0.234634 0.768130 0.024390 0.031220
1 0.251585 0.714472 0.047073 0.050081
1 0.789390 0.762114 0.023659 0.034797
1 0.769146 0.850569 0.023659 0.033496
1 0.988049 0.936585 0.023902 0.030569
1 0.825976 0.458537 0.025122 0.039024
2 0.662195 0.107967 0.074634 0.076748
2 0.747561 0.077073 0.066829 0.071545
2 0.743171 0.153496 0.075610 0.081301
2 0.750732 0.249919 0.073171 0.079024
2 0.679634 0.243902 0.064146 0.091057
2 0.562561 0.265691 0.064146 0.104065
2 0.486951 0.434309 0.072439 0.083577
2 0.335366 0.524715 0.078049 0.088780
2 0.244390 0.527967 0.053659 0.093333
2 0.068293 0.481951 0.065854 0.096260
2 0.091829 0.908455 0.067561 0.080325
2 0.106098 0.960000 0.069756 0.074797
2 0.261341 0.832520 0.081220 0.078049
2 0.178537 0.968455 0.073171 0.063089
2 0.303415 0.956423 0.065854 0.071545
2 0.453293 0.936585 0.074878 0.084553
2 0.578537 0.702439 0.078049 0.084553
2 0.455610 0.811057 0.073171 0.084553
2 0.331341 0.743740 0.071463 0.076098
2 0.365488 0.782764 0.070000 0.091057
2 0.561220 0.573496 0.068293 0.075772
2 0.855366 0.431545 0.070732 0.065041
2 0.922439 0.541138 0.063415 0.110569
2 0.805244 0.636911 0.065122 0.096585
2 0.713415 0.798049 0.068293 0.091057
2 0.879756 0.857561 0.070732 0.089106
2 0.933171 0.943902 0.057561 0.112195
2 0.896341 0.354472 0.071707 0.091057
2 0.834146 0.041301 0.077073 0.080000
2 0.383780 0.160488 0.083659 0.093333
2 0.469268 0.095122 0.091707 0.079024
2 0.562195 0.149593 0.069756 0.084553
2 0.239390 0.033821 0.070000 0.065041
2 0.156951 0.223415 0.082195 0.095610
2 0.183293 0.422276 0.079756 0.103089
2 0.195488 0.358862 0.065122 0.075772
2 0.096341 0.744878 0.068293 0.075772
2 0.031707 0.104065 0.060976 0.097561
2 0.058537 0.254797 0.070732 0.093333
