0 0.440122 0.081463 0.076341 0.101789
0 0.410488 0.175122 0.075610 0.103089
0 0.555244 0.248780 0.067561 0.094309
0 0.575610 0.342602 0.075610 0.088780
0 0.688537 0.369268 0.070732 0.085528
0 0.716585 0.451057 0.068293 0.080000
0 0.780122 0.447317 0.056829 0.090081
0 0.956098 0.363740 0.074146 0.090081
0 0.814146 0.299187 0.063415 0.097561
0 0.621829 0.267317 0.064146 0.094309
0 0.746707 0.144228 0.066585 0.082276
0 0.070000 0.290081 0.065854 0.072846
0 0.047927 0.245691 0.069024 0.092033
0 0.185732 0.543252 0.066585 0.086829
0 0.281585 0.537236 0.060244 0.085854
0 0.324756 0.479187 0.066585 0.080325
0 0.389390 0.454309 0.059268 0.097561
0 0.350488 0.681951 0.080488 0.084553
0 0.332317 0.892358 0.067561 0.097561
0 0.342927 0.967317 0.052683 0.065366
0 0.400732 0.965041 0.056098 0.069919
0 0.771220 0.732846 0.053659 0.088780
0 0.864268 0.696585 0.059268 0.085854
0 0.339024 0.280813 0.065854 0.108293
1 0.239390 0.557886 0.021220 0.025041
1 0.578902 0.418537 0.030000 0.037073
1 0.908171 0.324228 0.020244 0.032520
1 0.945976 0.903577 0.026098 0.038049
1 0.211341 0.273333 0.025122 0.043252
2 0.165488 0.241951 0.071463 0.091057
2 0.054878 0.468943 0.068293 0.107317
2 0.408902 0.371870 0.077317 0.082276
2 0.243049 0.637561 0.072439 0.093333
2 0.156463 0.689431 0.060244 0.084553
2 0.142683 0.963415 0.073171 0.073171
2 0.270244 0.937236 0.073171 0.096260
2 0.535366 0.957886 0.073171 0.083577
2 0.692439 0.967317 0.071707 0.065366
2 0.700000 0.878699 0.062439 0.098862
2 0.656585 0.809268 0.068293 0.090081
2 0.904024 0.482927 0.067561 0.100813
2 0.900000 0.771870 0.062439 0.088780
2 0.786220 0.212520 0.082195 0.095285
2 0.910610 0.238699 0.073902 0.084553
2 0.076098 0.056585 0.063415 0.097561
