0 0.171585 0.113984 0.062683 0.086829
0 0.417073 0.110569 0.067317 0.091057
0 0.424390 0.041301 0.074146 0.081951
0 0.388659 0.299837 0.067561 0.094309
0 0.405244 0.469431 0.060244 0.086829
0 0.531341 0.453821 0.066585 0.079024
0 0.592683 0.377398 0.070732 0.101789
0 0.195122 0.566992 0.075610 0.086829
0 0.055610 0.368130 0.068293 0.083252
0 0.252805 0.181138 0.062683 0.089106
0 0.787683 0.104715 0.059268 0.087805
0 0.851220 0.208780 0.065854 0.098862
0 0.952073 0.518211 0.062683 0.086829
0 0.913902 0.801138 0.075610 0.082276
0 0.737439 0.674472 0.057805 0.084553
0 0.635000 0.648943 0.062683 0.079024
0 0.438171 0.890569 0.059268 0.083577
0 0.617195 0.282602 0.069024 0.094309
1 0.113415 0.314472 0.032683 0.052033
1 0.430976 0.627154 0.031707 0.044553
1 0.327195 0.582276 0.017805 0.021789
1 0.730122 0.472195 0.018780 0.029268
1 0.587439 0.760488 0.027561 0.038049
1 0.609756 0.792520 0.023415 0.032520
1 0.777683 0.835935 0.022683 0.028293
1 0.334512 0.020650 0.027561 0.034797
2 0.326098 0.220650 0.065854 0.092033
2 0.160976 0.331870 0.070732 0.088780
2 0.047561 0.277073 0.069756 0.089756
2 0.039024 0.040163 0.064390 0.075772
2 0.202439 0.060163 0.070732 0.094309
2 0.544268 0.054959 0.065122 0.100813
2 0.574756 0.119837 0.077317 0.090081
2 0.728415 0.160488 0.062683 0.101789
2 0.782927 0.221301 0.056098 0.114797
2 0.747927 0.324715 0.064146 0.077073
2 0.706829 0.516748 0.073171 0.087805
2 0.827683 0.622276 0.064146 0.099837
2 0.846707 0.874472 0.055366 0.087805
2 0.494756 0.831057 0.066585 0.098537
2 0.509390 0.917236 0.079756 0.060813
2 0.299512 0.802927 0.068293 0.087805
2 0.250854 0.778537 0.074878 0.078049
2 0.181707 0.800163 0.058537 0.106341
2 0.124024 0.892846 0.061707 0.092033
2 0.485000 0.106341 0.060244 0.091057
2 0.682195 0.351870 0.065854 0.085854
2 0.043049 0.188130 0.073902 0.092033
2 0.274390 0.467805 0.063415 0.085528
2 0.287439 0.642439 0.086098 0.085528
2 0.552439 0.604553 0.079512 0.087805
