0 0.292683 0.074959 0.070732 0.080325
0 0.469512 0.069756 0.063415 0.086829
0 0.583293 0.047805 0.071463 0.089106
0 0.783780 0.073821 0.072439 0.089106
0 0.827317 0.143740 0.053659 0.105366
0 0.899634 0.128130 0.070000 0.091057
0 0.561463 0.374634 0.078049 0.098862
0 0.742683 0.342114 0.069756 0.094309
0 0.830122 0.420163 0.064146 0.089756
0 0.914634 0.496098 0.075610 0.092033
0 0.975000 0.265041 0.050000 0.087805
0 0.796829 0.803252 0.085366 0.084553
0 0.823659 0.673333 0.065854 0.082276
0 0.672439 0.621301 0.075610 0.095285
0 0.406951 0.770244 0.071463 0.079024
0 0.243902 0.845691 0.083902 0.093333
0 0.153780 0.687967 0.069024 0.085528
0 0.214268 0.591382 0.066585 0.092033
0 0.311829 0.454797 0.060244 0.096585
0 0.339024 0.621789 0.072195 0.089756
0 0.095976 0.733984 0.073902 0.073496
0 0.042317 0.676585 0.052927 0.095285
0 0.152927 0.543740 0.060976 0.081301
0 0.100000 0.332358 0.065854 0.076748
0 0.023659 0.139350 0.046341 0.096585
0 0.504512 0.305854 0.055366 0.099837
0 0.674024 0.179024 0.057805 0.095285
0 0.725122 0.858049 0.070732 0.079024
0 0.958537 0.863415 0.060976 0.107317
0 0.959268 0.964553 0.070732 0.070894
1 0.095488 0.576260 0.026098 0.033821
1 0.520244 0.440163 0.041463 0.041301
1 0.750732 0.555610 0.029268 0.044553
1 0.820732 0.254309 0.027805 0.033821
2 0.075610 0.195122 0.070732 0.078049
2 0.178049 0.108455 0.085366 0.073821
2 0.207683 0.048943 0.070000 0.088780
2 0.182195 0.368130 0.075610 0.085854
2 0.255244 0.403252 0.067561 0.091057
2 0.218293 0.491220 0.069756 0.099837
2 0.275122 0.536748 0.058537 0.101789
2 0.057317 0.477561 0.078049 0.092033
2 0.037439 0.556260 0.072439 0.086829
2 0.347195 0.532195 0.088537 0.086829
2 0.280854 0.674472 0.074878 0.084553
2 0.294756 0.758374 0.071463 0.079350
2 0.465488 0.879350 0.071463 0.091057
2 0.497195 0.506341 0.076341 0.093008
2 0.422317 0.329106 0.074878 0.085854
2 0.274390 0.185041 0.074634 0.081301
2 0.171463 0.275447 0.070732 0.089106
2 0.050366 0.388130 0.096829 0.075772
2 0.632561 0.363252 0.073902 0.093008
2 0.731707 0.242439 0.064390 0.098537
2 0.800854 0.321463 0.067561 0.098537
2 0.936220 0.332846 0.065122 0.088780
2 0.743415 0.690569 0.063415 0.088780
2 0.892317 0.692195 0.066585 0.096585
2 0.572805 0.954309 0.068537 0.091382
2 0.523171 0.621789 0.071707 0.096260
2 0.597561 0.588293 0.088780 0.094309
2 0.504146 0.789919 0.075610 0.081301
2 0.577561 0.759024 0.063415 0.104065
2 0.049268 0.809919 0.063415 0.101789
