0 0.046829 0.151870 0.073171 0.091057
0 0.202073 0.033171 0.065122 0.063740
0 0.413415 0.143089 0.066829 0.084553
0 0.278049 0.149756 0.065854 0.093333
0 0.583780 0.161138 0.072439 0.085528
0 0.627317 0.093333 0.068293 0.084553
0 0.660610 0.184390 0.065122 0.076098
0 0.790610 0.168780 0.066585 0.081301
0 0.962561 0.079837 0.069024 0.083577
0 0.710976 0.290732 0.071707 0.091057
0 0.817439 0.329756 0.066585 0.091057
0 0.919512 0.377236 0.070732 0.071545
0 0.877561 0.434309 0.073171 0.096585
0 0.847195 0.518862 0.069024 0.085528
0 0.820366 0.605041 0.072439 0.082276
0 0.836585 0.750244 0.072195 0.089106
0 0.910610 0.723089 0.054390 0.067317
0 0.745122 0.803415 0.068293 0.073821
0 0.558537 0.832683 0.069268 0.088780
0 0.408537 0.920976 0.074634 0.087805
0 0.474024 0.793008 0.059268 0.072520
0 0.440244 0.718862 0.068293 0.080325
0 0.270244 0.884065 0.068293 0.092033
0 0.073537 0.945366 0.076341 0.084553
0 0.153659 0.649919 0.065854 0.079024
0 0.242683 0.680813 0.071707 0.080325
0 0.107317 0.371870 0.069268 0.086829
0 0.349268 0.378862 0.058537 0.091707
0 0.419146 0.417398 0.066585 0.088780
0 0.493171 0.425041 0.078049 0.099512
0 0.567927 0.435447 0.065122 0.081301
0 0.580000 0.604390 0.082927 0.109593
0 0.169512 0.315122 0.057073 0.087805
0 0.080854 0.225041 0.065122 0.079350
0 0.069512 0.297561 0.074634 0.100813
1 0.624756 0.438537 0.022683 0.026992
1 0.642317 0.260000 0.028537 0.034797
1 0.883780 0.152358 0.023659 0.031545
1 0.104390 0.113821 0.024390 0.032520
1 0.085000 0.041789 0.021220 0.026992
2 0.337073 0.258049 0.078049 0.082276
2 0.178902 0.538862 0.078780 0.073496
2 0.102805 0.819512 0.070000 0.084553
2 0.039024 0.780000 0.070732 0.079024
2 0.121951 0.735610 0.067317 0.092358
2 0.341098 0.879837 0.055366 0.090081
2 0.395488 0.518862 0.056829 0.122602
2 0.446341 0.553984 0.064390 0.114797
2 0.571951 0.737236 0.063415 0.080000
2 0.702439 0.563902 0.074146 0.078049
2 0.692683 0.636911 0.085366 0.064065
2 0.734512 0.883577 0.071463 0.076098
2 0.804146 0.883577 0.060976 0.102114
2 0.862927 0.844553 0.073171 0.095610
2 0.967683 0.898374 0.064634 0.090081
2 0.912561 0.966179 0.079756 0.067642
2 0.975854 0.624228 0.048293 0.090081
2 0.889024 0.573496 0.064878 0.099837
2 0.880854 0.291057 0.071463 0.074797
2 0.895488 0.209919 0.076341 0.085528
2 0.425610 0.215285 0.079512 0.070244
2 0.532073 0.252195 0.065122 0.092033
2 0.504512 0.085854 0.071463 0.078049
2 0.482927 0.162764 0.079024 0.075772
2 0.567073 0.044065 0.068293 0.085528
