0 0.195122 0.224390 0.065854 0.097561
0 0.258537 0.369756 0.054634 0.091057
0 0.426463 0.146016 0.066585 0.087805
0 0.362195 0.174146 0.055122 0.090081
0 0.512195 0.121951 0.064390 0.100813
0 0.166707 0.449431 0.067561 0.092358
0 0.200366 0.635285 0.071463 0.088780
0 0.291463 0.720976 0.081463 0.082602
0 0.516220 0.620650 0.062683 0.090081
0 0.759390 0.843415 0.069024 0.095285
0 0.968049 0.897886 0.063902 0.085203
0 0.830488 0.384390 0.063415 0.074797
0 0.958537 0.452033 0.062439 0.078049
0 0.945488 0.165366 0.052927 0.077073
0 0.865122 0.034797 0.070732 0.065041
0 0.710976 0.040325 0.064878 0.080000
0 0.468293 0.425528 0.069268 0.103089
0 0.500488 0.729593 0.073171 0.095285
0 0.440732 0.598699 0.056098 0.086504
0 0.080488 0.298699 0.051220 0.079024
0 0.227195 0.926341 0.066585 0.070569
0 0.278415 0.967154 0.071463 0.058537
0 0.187073 0.739350 0.070732 0.080325
0 0.080488 0.721463 0.069268 0.090081
0 0.793537 0.566992 0.064146 0.088780
0 0.756098 0.539837 0.059512 0.091057
1 0.107683 0.789919 0.026098 0.035772
1 0.409268 0.647805 0.029268 0.046829
1 0.421463 0.241301 0.024390 0.033821
1 0.778049 0.125366 0.021951 0.031545
1 0.897927 0.441301 0.026098 0.039024
2 0.254512 0.169268 0.073902 0.093333
2 0.424390 0.730732 0.070732 0.086504
2 0.374024 0.803902 0.067561 0.081301
2 0.342683 0.938862 0.063415 0.106016
2 0.464268 0.875935 0.069024 0.088780
2 0.550488 0.907967 0.090244 0.092358
2 0.815854 0.906341 0.076585 0.080000
2 0.859390 0.480976 0.078780 0.100813
2 0.926098 0.371870 0.065854 0.106341
2 0.609390 0.259837 0.066585 0.107317
2 0.560122 0.331220 0.069024 0.085528
2 0.436951 0.288455 0.071463 0.084553
2 0.792683 0.058699 0.075610 0.101789
2 0.886951 0.189268 0.077317 0.085854
2 0.261463 0.536098 0.073171 0.098537
2 0.555366 0.795772 0.060976 0.106016
2 0.958537 0.577886 0.065854 0.093008
2 0.765854 0.333496 0.065854 0.098537
2 0.712195 0.129106 0.079024 0.084553
2 0.050854 0.194146 0.071463 0.086504
2 0.131707 0.357724 0.067317 0.104065
2 0.279634 0.038699 0.072439 0.076748
