0 0.076829 0.113333 0.068293 0.085528
0 0.145854 0.039675 0.073171 0.072846
0 0.321951 0.154472 0.065854 0.094309
0 0.165854 0.230894 0.060976 0.078049
0 0.335000 0.343252 0.069024 0.090081
0 0.388171 0.298049 0.061707 0.080325
0 0.390732 0.206504 0.068293 0.087805
0 0.504878 0.130244 0.070732 0.095285
0 0.523659 0.040325 0.070732 0.080000
0 0.736951 0.137886 0.070000 0.091057
0 0.792683 0.068943 0.059512 0.096260
0 0.724024 0.050732 0.065122 0.074797
0 0.913780 0.340000 0.052927 0.085528
0 0.970122 0.367642 0.059756 0.084878
0 0.863902 0.478211 0.073171 0.093333
0 0.761829 0.517236 0.069024 0.088780
0 0.702439 0.553008 0.057561 0.075772
0 0.807317 0.728618 0.067317 0.088780
0 0.754512 0.815772 0.062683 0.090081
0 0.685854 0.826667 0.068293 0.087805
0 0.895122 0.820163 0.070732 0.074797
0 0.877927 0.963415 0.065122 0.073171
0 0.946463 0.963415 0.059756 0.073171
0 0.978537 0.782114 0.042927 0.089756
0 0.728902 0.716098 0.070000 0.081301
0 0.505366 0.899350 0.063415 0.090081
0 0.518293 0.575122 0.069756 0.096585
0 0.596829 0.589756 0.070732 0.095285
0 0.648780 0.500976 0.065854 0.106341
0 0.448780 0.525854 0.074146 0.104065
0 0.462561 0.639675 0.069024 0.091057
0 0.268293 0.505691 0.070732 0.087805
0 0.328780 0.446829 0.068293 0.091057
0 0.239024 0.133496 0.070732 0.073821
0 0.307317 0.693821 0.074146 0.101789
0 0.183293 0.554146 0.076341 0.084553
0 0.109024 0.554472 0.065854 0.087805
0 0.148780 0.780000 0.059512 0.085528
0 0.030122 0.740488 0.057805 0.102114
0 0.232927 0.691057 0.063415 0.087805
0 0.400854 0.422276 0.067561 0.098537
0 0.412195 0.038699 0.065854 0.074797
0 0.710610 0.253821 0.072439 0.093333
0 0.790610 0.315122 0.070000 0.087805
0 0.973415 0.267642 0.053171 0.073496
1 0.019146 0.260813 0.026098 0.040325
1 0.219878 0.082439 0.035854 0.049756
1 0.221951 0.776260 0.021951 0.027967
1 0.749634 0.658699 0.023659 0.026992
2 0.238171 0.300488 0.049512 0.123577
2 0.321585 0.248780 0.074878 0.081301
2 0.361829 0.084228 0.082195 0.081301
2 0.570366 0.150732 0.070000 0.099837
2 0.557805 0.250569 0.080488 0.073821
2 0.640000 0.282602 0.075610 0.074797
2 0.525122 0.294959 0.070732 0.089106
2 0.569390 0.865691 0.061707 0.100813
2 0.515366 0.810407 0.065854 0.079350
2 0.580488 0.782114 0.067317 0.094309
2 0.646707 0.769756 0.071463 0.082602
2 0.941098 0.699187 0.065122 0.097561
2 0.928537 0.612358 0.065854 0.091057
2 0.938659 0.887480 0.065122 0.087805
2 0.318293 0.876585 0.071707 0.105041
2 0.272439 0.795285 0.060976 0.096585
2 0.069512 0.628293 0.061951 0.085854
2 0.347073 0.546992 0.085366 0.081301
2 0.828780 0.388130 0.058537 0.099837
