0 0.099268 0.232033 0.070732 0.095285
0 0.458537 0.080325 0.074146 0.095610
0 0.570732 0.106992 0.062439 0.094309
0 0.611220 0.033333 0.072683 0.066016
0 0.722317 0.111870 0.074878 0.104065
0 0.837805 0.146992 0.064878 0.083252
0 0.839512 0.336585 0.063415 0.087805
0 0.731341 0.324228 0.070000 0.084553
0 0.658537 0.358374 0.075610 0.096260
0 0.712561 0.652195 0.061707 0.085528
0 0.685854 0.902114 0.073171 0.104065
0 0.574756 0.746992 0.077317 0.091057
0 0.438293 0.591220 0.069268 0.083252
0 0.510976 0.506829 0.068293 0.085528
0 0.517561 0.403252 0.068293 0.091057
1 0.145976 0.245528 0.022683 0.029268
1 0.886585 0.200163 0.022927 0.033496
2 0.201951 0.267317 0.068293 0.094309
2 0.838293 0.474309 0.062439 0.105041
2 0.859390 0.765528 0.062683 0.091057
2 0.951220 0.923740 0.067317 0.101789
2 0.367805 0.863577 0.063415 0.098537
2 0.354878 0.760976 0.069756 0.091057
2 0.100366 0.496585 0.081220 0.080000
2 0.025122 0.697886 0.049756 0.091707
2 0.148780 0.885691 0.077073 0.080325
2 0.531707 0.654309 0.069268 0.089756
2 0.683659 0.735122 0.065854 0.088780
2 0.138659 0.092846 0.070000 0.090081
2 0.436585 0.425041 0.067317 0.082602
2 0.635366 0.156260 0.068293 0.075772
2 0.932073 0.187642 0.065122 0.089106
2 0.720000 0.486341 0.063415 0.083577
2 0.178049 0.745366 0.077073 0.087805
