0 0.108537 0.098211 0.069756 0.083252
0 0.183293 0.127480 0.074878 0.094309
0 0.343049 0.312846 0.069024 0.085854
0 0.452073 0.072520 0.073902 0.084553
0 0.544634 0.043577 0.075610 0.086504
0 0.613415 0.063577 0.068293 0.077073
0 0.697195 0.291870 0.065122 0.095285
0 0.731707 0.174634 0.080488 0.095610
0 0.793537 0.052195 0.078780 0.088780
0 0.841463 0.140000 0.072195 0.095285
0 0.843902 0.201789 0.081951 0.080325
0 0.815854 0.284228 0.082927 0.097561
0 0.777195 0.377886 0.057805 0.087805
0 0.828537 0.442927 0.070732 0.092358
0 0.875976 0.509593 0.074878 0.084553
0 0.794634 0.518862 0.068293 0.085528
0 0.636951 0.471220 0.065122 0.081301
0 0.658049 0.614797 0.068293 0.086829
0 0.691463 0.704715 0.078049 0.084553
0 0.434146 0.349106 0.070732 0.082276
0 0.056098 0.214146 0.069268 0.085528
0 0.175244 0.725854 0.071463 0.096260
0 0.369146 0.766992 0.067561 0.090081
0 0.418293 0.903740 0.064878 0.087805
0 0.702439 0.791382 0.069268 0.086829
0 0.922805 0.819187 0.067561 0.087805
0 0.224024 0.510244 0.066585 0.087805
0 0.205488 0.040325 0.058293 0.080000
0 0.715854 0.383740 0.063415 0.091057
2 0.111463 0.530732 0.080488 0.083252
2 0.067561 0.612033 0.080488 0.083252
2 0.108171 0.750894 0.072439 0.094309
2 0.169024 0.818537 0.070732 0.084553
2 0.149146 0.931870 0.074878 0.072520
2 0.313415 0.584878 0.082927 0.079024
2 0.325976 0.410407 0.073902 0.087805
2 0.198049 0.298211 0.078049 0.073496
2 0.110976 0.435935 0.071707 0.086829
2 0.042317 0.385528 0.072439 0.103089
2 0.037073 0.108455 0.073171 0.073821
2 0.768293 0.653171 0.059512 0.083577
2 0.796341 0.805041 0.069756 0.083577
2 0.835366 0.853333 0.086341 0.071545
2 0.892195 0.400000 0.063415 0.097561
2 0.956463 0.409756 0.061707 0.084553
2 0.713780 0.081951 0.067561 0.089756
2 0.278049 0.805528 0.074146 0.093008
