0 0.344268 0.274309 0.066585 0.075772
0 0.547561 0.412033 0.079512 0.086504
0 0.865854 0.505854 0.077073 0.092033
0 0.759756 0.508943 0.058537 0.081301
0 0.675610 0.890081 0.072195 0.086504
0 0.630854 0.947480 0.078780 0.082276
0 0.332561 0.840163 0.083659 0.082276
0 0.216707 0.821789 0.066585 0.084553
0 0.071098 0.653821 0.070000 0.067317
0 0.206951 0.507317 0.065122 0.078049
0 0.279634 0.436423 0.073902 0.098862
0 0.232073 0.314959 0.065122 0.092033
0 0.333293 0.539512 0.057805 0.081301
0 0.732927 0.300976 0.061951 0.098537
0 0.849634 0.306341 0.064146 0.092358
0 0.810488 0.752358 0.075610 0.067317
0 0.538659 0.082602 0.065122 0.097561
0 0.583049 0.153333 0.059268 0.085528
1 0.320732 0.116098 0.032683 0.039024
1 0.427317 0.558374 0.029268 0.037073
1 0.665488 0.774146 0.030976 0.043252
1 0.690610 0.785041 0.022683 0.039024
1 0.809390 0.887480 0.037317 0.048780
1 0.942195 0.434146 0.021951 0.035772
2 0.052073 0.220813 0.091951 0.094309
2 0.096829 0.313333 0.080488 0.099837
2 0.227683 0.190894 0.062683 0.093008
2 0.163902 0.580163 0.063415 0.097561
2 0.218659 0.638537 0.064146 0.093333
2 0.246829 0.705203 0.058537 0.077073
2 0.306463 0.755122 0.069024 0.092358
2 0.444634 0.682927 0.060976 0.097561
2 0.507683 0.571382 0.070000 0.080000
2 0.423659 0.491057 0.070732 0.084553
2 0.352927 0.452195 0.075610 0.088780
2 0.428902 0.393496 0.081220 0.084553
2 0.904878 0.406016 0.074146 0.077073
2 0.976585 0.445691 0.046829 0.121301
2 0.781707 0.619024 0.074634 0.080325
2 0.704512 0.588130 0.071463 0.083577
2 0.689024 0.687967 0.064878 0.085528
2 0.558537 0.794146 0.083902 0.070244
2 0.449268 0.900976 0.068293 0.099837
2 0.598293 0.243415 0.085366 0.098537
2 0.692683 0.229431 0.069268 0.096585
2 0.846341 0.206504 0.074146 0.094309
2 0.646341 0.070569 0.081951 0.076098
2 0.647073 0.156748 0.070732 0.085854
2 0.438293 0.133496 0.051220 0.067317
2 0.048293 0.578374 0.073171 0.079024
2 0.228902 0.038211 0.066585 0.075772
