0 0.147195 0.181789 0.059268 0.087805
0 0.283293 0.225041 0.071463 0.100813
0 0.354024 0.189919 0.071463 0.091057
0 0.471098 0.295935 0.060244 0.078049
0 0.532561 0.218049 0.072439 0.088780
0 0.609390 0.265041 0.065122 0.087805
0 0.295854 0.324228 0.070732 0.078049
0 0.336585 0.400163 0.060976 0.086829
0 0.223171 0.507967 0.068293 0.087805
0 0.274024 0.436911 0.072439 0.088780
0 0.045610 0.696098 0.070732 0.088780
0 0.160244 0.734472 0.065854 0.103089
0 0.439512 0.701463 0.063415 0.086504
0 0.788171 0.921463 0.070000 0.099837
0 0.897073 0.438049 0.073171 0.086504
0 0.814268 0.441301 0.071463 0.097561
0 0.784634 0.687480 0.070732 0.095610
0 0.685000 0.837561 0.065122 0.103089
0 0.926463 0.868455 0.056829 0.095285
0 0.893171 0.935610 0.058537 0.095610
1 0.141098 0.280325 0.027561 0.042276
1 0.186585 0.258699 0.030732 0.040000
1 0.206463 0.277073 0.025122 0.035772
1 0.173171 0.294959 0.030244 0.039024
1 0.009268 0.782927 0.018049 0.028293
2 0.448171 0.490081 0.091951 0.065041
2 0.369878 0.316098 0.067561 0.087805
2 0.450000 0.146992 0.069756 0.089756
2 0.512927 0.122602 0.075610 0.089106
2 0.622805 0.128618 0.067561 0.085528
2 0.792195 0.044553 0.073171 0.086504
2 0.840610 0.239675 0.078780 0.084553
2 0.779268 0.550244 0.076585 0.083252
2 0.725122 0.751382 0.070732 0.112846
2 0.688415 0.952683 0.065610 0.094634
2 0.419146 0.862439 0.081220 0.087805
2 0.612195 0.863577 0.080488 0.066016
2 0.074878 0.540000 0.065854 0.093333
2 0.087561 0.453821 0.075610 0.096585
2 0.074390 0.335610 0.071707 0.087805
2 0.545610 0.341138 0.070732 0.087805
2 0.535732 0.422439 0.057805 0.081301
2 0.136098 0.940488 0.058537 0.098862
2 0.177195 0.876585 0.059268 0.096585
2 0.273171 0.564878 0.065854 0.082602
2 0.491829 0.799675 0.069024 0.094309
