0 0.048780 0.102602 0.069268 0.090081
0 0.117927 0.111220 0.069024 0.087805
0 0.157317 0.045691 0.069756 0.090732
0 0.247195 0.140976 0.072439 0.093333
0 0.316220 0.093821 0.067561 0.105041
0 0.467073 0.089593 0.063415 0.098537
0 0.333659 0.273171 0.058537 0.078049
0 0.276463 0.236423 0.057805 0.091057
0 0.198780 0.333984 0.068293 0.065041
0 0.851220 0.447317 0.072195 0.090081
0 0.942195 0.401789 0.065854 0.092033
0 0.769146 0.246179 0.054390 0.076098
0 0.463780 0.893333 0.066585 0.084553
0 0.362683 0.722114 0.060976 0.080325
0 0.726829 0.756748 0.069268 0.089106
0 0.703659 0.645528 0.071707 0.100813
0 0.066220 0.891707 0.081220 0.089756
0 0.036951 0.525366 0.073415 0.105041
0 0.068659 0.394146 0.066585 0.081301
0 0.101220 0.198537 0.064878 0.080325
0 0.793902 0.915447 0.079512 0.094309
1 0.432073 0.143740 0.030976 0.035772
1 0.149634 0.204390 0.025122 0.026992
1 0.191463 0.634146 0.029268 0.039024
1 0.585000 0.711870 0.022683 0.029268
2 0.339756 0.494959 0.075610 0.094309
2 0.497927 0.483089 0.076341 0.085528
2 0.453293 0.399024 0.076341 0.091057
2 0.571098 0.639187 0.066585 0.072520
2 0.359024 0.639187 0.068293 0.072520
2 0.460122 0.751870 0.064146 0.079350
2 0.579268 0.767642 0.066829 0.086829
2 0.808537 0.750894 0.076585 0.081301
2 0.974024 0.623902 0.049512 0.098537
2 0.754390 0.974797 0.091707 0.050407
2 0.292317 0.791870 0.066585 0.074797
2 0.127683 0.714472 0.059268 0.086504
2 0.218659 0.405528 0.073902 0.073496
2 0.112195 0.458537 0.069268 0.071545
2 0.641463 0.266341 0.064390 0.087805
2 0.837317 0.243415 0.070732 0.092033
2 0.911341 0.156260 0.062683 0.106341
2 0.445610 0.585041 0.056098 0.081301
2 0.095976 0.622276 0.077317 0.095285
2 0.036220 0.771707 0.071951 0.071545
2 0.795976 0.373008 0.064146 0.082602
2 0.367439 0.184390 0.062683 0.089106
2 0.403659 0.067317 0.061951 0.091057
2 0.280488 0.343089 0.083902 0.081301
