0 0.348293 0.894959 0.078049 0.089756
0 0.550000 0.731870 0.071707 0.073821
0 0.668293 0.579512 0.077073 0.074797
0 0.858902 0.612520 0.061707 0.106341
0 0.716220 0.852033 0.064146 0.084553
0 0.845122 0.097236 0.061951 0.094309
0 0.952805 0.042276 0.059268 0.078049
1 0.171585 0.644553 0.038293 0.048780
1 0.570732 0.381138 0.025366 0.033821
1 0.721098 0.035935 0.028537 0.041301
2 0.156829 0.402764 0.065854 0.129106
2 0.113415 0.526829 0.084390 0.084553
2 0.225244 0.348618 0.073902 0.081301
2 0.410976 0.390894 0.052195 0.118374
2 0.484512 0.324878 0.067561 0.087805
2 0.233780 0.622927 0.071463 0.072520
2 0.351585 0.799024 0.065122 0.086504
2 0.254512 0.849919 0.069024 0.080325
2 0.083415 0.810894 0.068293 0.112846
2 0.078049 0.653659 0.065854 0.071545
2 0.071951 0.724878 0.071707 0.068293
2 0.774756 0.541626 0.073902 0.077073
2 0.623171 0.717724 0.063415 0.082602
2 0.890854 0.840325 0.066585 0.097561
2 0.958171 0.780650 0.066585 0.099837
2 0.965854 0.875447 0.062439 0.092358
2 0.797195 0.335610 0.056829 0.107317
2 0.967317 0.327642 0.065366 0.089431
2 0.674390 0.388130 0.066829 0.088780
2 0.695976 0.099837 0.062683 0.089106
2 0.379268 0.262439 0.061951 0.093008
2 0.861341 0.712195 0.076341 0.091057
