0 0.109756 0.126829 0.070732 0.091057
0 0.061220 0.066667 0.060976 0.087805
0 0.243049 0.046829 0.059268 0.093008
0 0.448780 0.068943 0.077073 0.083252
0 0.515854 0.128130 0.074634 0.091057
0 0.492317 0.212033 0.074878 0.098862
0 0.573537 0.307480 0.079756 0.098537
0 0.645122 0.248780 0.069756 0.087805
0 0.800854 0.266179 0.073902 0.096585
0 0.696341 0.377398 0.063415 0.088780
0 0.665854 0.338211 0.072195 0.091057
0 0.715854 0.509593 0.078049 0.084553
0 0.846463 0.428943 0.067561 0.100813
0 0.973780 0.253984 0.052439 0.080650
0 0.935732 0.126341 0.057805 0.085528
0 0.776829 0.179024 0.061951 0.082276
0 0.694268 0.110081 0.067561 0.098537
0 0.765854 0.119837 0.060976 0.085528
0 0.678049 0.592033 0.067317 0.095285
0 0.650000 0.776260 0.078049 0.095610
0 0.748780 0.848455 0.062439 0.094309
0 0.734268 0.953659 0.059756 0.092683
0 0.520366 0.962927 0.056341 0.074146
0 0.371951 0.899187 0.069756 0.087805
0 0.391098 0.833171 0.067561 0.094309
0 0.273902 0.815935 0.075610 0.087805
0 0.224024 0.754634 0.070000 0.093333
0 0.153659 0.751870 0.075610 0.083252
0 0.154390 0.846829 0.051220 0.082602
0 0.210122 0.851057 0.051951 0.082602
0 0.256585 0.317073 0.063415 0.081301
0 0.301707 0.307967 0.056098 0.078049
0 0.373537 0.260813 0.055366 0.079350
0 0.970488 0.055935 0.059024 0.085854
0 0.168293 0.593496 0.057561 0.081301
1 0.110610 0.715122 0.034878 0.042276
2 0.191463 0.275447 0.064878 0.102114
2 0.188659 0.501463 0.069024 0.081301
2 0.179268 0.441951 0.069756 0.074797
2 0.124878 0.560488 0.063415 0.062764
2 0.616707 0.895610 0.060244 0.110569
2 0.800366 0.909593 0.074878 0.082602
2 0.890244 0.346504 0.065854 0.098537
2 0.500732 0.306341 0.070732 0.096260
2 0.041463 0.535122 0.062439 0.090081
2 0.052805 0.771382 0.072439 0.087805
2 0.082561 0.868943 0.061707 0.098862
2 0.114390 0.961789 0.070244 0.076423
2 0.253780 0.914146 0.064146 0.097561
2 0.528049 0.664065 0.064878 0.100813
2 0.884146 0.057561 0.071707 0.078049
2 0.876829 0.188780 0.071707 0.095285
2 0.981463 0.798862 0.037073 0.101789
2 0.975854 0.888130 0.048293 0.074146
2 0.030488 0.346992 0.060000 0.112520
2 0.296707 0.094472 0.096829 0.075772
2 0.431220 0.376260 0.073171 0.102114
