0 0.289390 0.091707 0.062683 0.092358
0 0.505610 0.139512 0.065854 0.089756
0 0.807683 0.216911 0.055366 0.089106
0 0.875610 0.773008 0.069268 0.089106
0 0.666220 0.819024 0.070000 0.090081
0 0.679268 0.928455 0.071707 0.087805
0 0.464146 0.722602 0.080488 0.089756
0 0.400000 0.758374 0.069268 0.083252
0 0.363780 0.929106 0.071463 0.089106
0 0.268780 0.321463 0.068293 0.064065
0 0.597561 0.033821 0.072195 0.065041
0 0.692683 0.104065 0.070732 0.084553
0 0.956098 0.362764 0.065854 0.098537
0 0.890610 0.679350 0.081220 0.081301
0 0.967683 0.843902 0.064634 0.068293
0 0.498780 0.827805 0.061951 0.092033
0 0.478902 0.902439 0.072439 0.081301
0 0.193171 0.929106 0.078049 0.084553
1 0.190732 0.777886 0.039024 0.044228
1 0.509756 0.225528 0.021951 0.028293
1 0.083293 0.416423 0.017805 0.034797
1 0.181707 0.436911 0.016098 0.028293
2 0.139024 0.789756 0.060976 0.103089
2 0.106098 0.902439 0.063415 0.074797
2 0.078049 0.960325 0.081951 0.066992
2 0.259268 0.712195 0.065854 0.084553
2 0.358902 0.602276 0.076341 0.076748
2 0.349146 0.693333 0.066585 0.081301
2 0.534146 0.666179 0.072195 0.083577
2 0.570366 0.553496 0.070000 0.092358
2 0.637805 0.330244 0.064878 0.090081
2 0.696341 0.287805 0.053659 0.107317
2 0.753659 0.302439 0.075610 0.078049
2 0.881220 0.259675 0.065854 0.090081
2 0.883780 0.381138 0.067561 0.083252
2 0.831707 0.542114 0.057561 0.082602
2 0.832073 0.621789 0.060244 0.076748
2 0.660122 0.660813 0.087073 0.072846
2 0.580122 0.867317 0.076341 0.097561
2 0.385854 0.290569 0.082927 0.086829
2 0.175610 0.147480 0.069268 0.086829
2 0.313902 0.498211 0.065854 0.096260
2 0.982317 0.631057 0.035366 0.084878
2 0.914146 0.937724 0.063415 0.082276
2 0.798415 0.050569 0.083659 0.090081
2 0.516341 0.354146 0.075610 0.100813
