0 0.128780 0.037073 0.068293 0.073496
0 0.049634 0.045203 0.069024 0.085854
0 0.232927 0.062927 0.063415 0.093333
0 0.366707 0.188780 0.064146 0.080325
0 0.165488 0.466667 0.066585 0.087805
0 0.623171 0.170894 0.079512 0.103089
0 0.700854 0.124228 0.069024 0.087805
0 0.903659 0.268943 0.076585 0.086504
0 0.563415 0.290081 0.075610 0.098862
0 0.681707 0.279837 0.074634 0.101789
0 0.141098 0.368943 0.055366 0.079024
0 0.845122 0.120000 0.071707 0.081301
0 0.822195 0.046341 0.066829 0.092033
0 0.925488 0.499024 0.071463 0.086829
0 0.732561 0.873821 0.067561 0.093008
0 0.630488 0.920488 0.063415 0.099837
0 0.304512 0.946341 0.066585 0.091057
0 0.215854 0.893821 0.074634 0.079024
0 0.278902 0.593008 0.067561 0.067317
0 0.145122 0.248455 0.068293 0.091057
0 0.517073 0.097073 0.064390 0.072520
0 0.781707 0.563902 0.068293 0.097561
0 0.606098 0.084715 0.084390 0.069268
0 0.694634 0.048455 0.068293 0.094309
0 0.243049 0.351870 0.077317 0.083252
0 0.115854 0.864065 0.055122 0.073496
0 0.135366 0.937236 0.068293 0.072846
0 0.397561 0.867317 0.065854 0.093008
0 0.423171 0.913984 0.055122 0.093333
0 0.463902 0.958537 0.073171 0.082927
0 0.522683 0.936098 0.070732 0.092033
0 0.842195 0.674472 0.060976 0.091057
0 0.846341 0.338374 0.074146 0.073821
0 0.802805 0.415772 0.070000 0.098537
0 0.665854 0.460813 0.065854 0.089106
0 0.130488 0.164390 0.066829 0.090081
0 0.061829 0.207154 0.067561 0.093008
1 0.384512 0.338862 0.030000 0.037724
1 0.032927 0.297073 0.034146 0.041301
1 0.166707 0.597886 0.038293 0.046504
1 0.111707 0.715610 0.034146 0.043252
1 0.536098 0.765366 0.024390 0.034797
1 0.588659 0.445691 0.018780 0.028293
1 0.605732 0.468943 0.018780 0.027317
2 0.440732 0.084065 0.064390 0.098537
2 0.283415 0.136748 0.078049 0.075772
2 0.488171 0.301951 0.076341 0.096585
2 0.304146 0.738862 0.070732 0.100813
2 0.391463 0.777398 0.057073 0.080325
2 0.326829 0.835935 0.075610 0.095285
2 0.656951 0.738374 0.067561 0.112846
2 0.711707 0.705203 0.050244 0.092033
2 0.961707 0.744228 0.075610 0.105041
2 0.877195 0.428780 0.064146 0.096585
2 0.969756 0.373659 0.060488 0.100813
2 0.049146 0.543252 0.071463 0.093333
2 0.080488 0.313333 0.062439 0.099837
2 0.491098 0.722602 0.077317 0.089756
2 0.581220 0.647317 0.080488 0.073821
2 0.658537 0.593659 0.075610 0.092033
2 0.722439 0.540488 0.078049 0.087805
2 0.691098 0.637561 0.067561 0.086829
