0 0.088171 0.120488 0.061707 0.082276
0 0.353171 0.098211 0.068293 0.087805
0 0.303293 0.159512 0.072439 0.099837
0 0.465366 0.417561 0.063415 0.097561
0 0.424756 0.486341 0.074878 0.105041
0 0.475610 0.608293 0.075610 0.093333
0 0.507805 0.527480 0.063415 0.083252
0 0.387317 0.819675 0.073171 0.093333
0 0.367927 0.866667 0.076341 0.087805
0 0.291829 0.839187 0.072439 0.082276
0 0.139390 0.807154 0.086098 0.079350
0 0.239390 0.626179 0.055366 0.092033
0 0.250854 0.509106 0.070000 0.085528
0 0.722805 0.170732 0.072439 0.081301
0 0.933415 0.404878 0.070732 0.100813
0 0.849634 0.774146 0.091951 0.095285
0 0.775244 0.908455 0.071463 0.095285
0 0.828659 0.960813 0.069512 0.078374
0 0.665854 0.933333 0.074146 0.097561
0 0.611341 0.870081 0.073902 0.079024
0 0.659024 0.664065 0.068293 0.087805
0 0.354024 0.529106 0.071463 0.093008
0 0.295976 0.587642 0.072439 0.080000
0 0.635366 0.138862 0.074634 0.091057
0 0.913415 0.217398 0.061951 0.103089
0 0.787805 0.527967 0.074146 0.088780
0 0.747195 0.771382 0.069024 0.085854
0 0.735732 0.834146 0.078780 0.107317
0 0.308537 0.238537 0.073171 0.086829
1 0.560244 0.065041 0.031707 0.039024
1 0.624024 0.220650 0.027561 0.038049
1 0.157683 0.366016 0.038293 0.046504
1 0.960976 0.065691 0.033171 0.044228
1 0.961341 0.260325 0.026098 0.030244
2 0.128415 0.294472 0.064146 0.105041
2 0.201220 0.255935 0.073171 0.093008
2 0.215122 0.751870 0.073171 0.089756
2 0.240610 0.890081 0.069024 0.093008
2 0.307805 0.752358 0.063415 0.099837
2 0.348780 0.652195 0.064390 0.096585
2 0.593902 0.623415 0.066829 0.086504
2 0.574756 0.512846 0.069024 0.078049
2 0.634634 0.460813 0.063415 0.099512
2 0.702073 0.456585 0.070000 0.097561
2 0.793902 0.398049 0.069756 0.097561
2 0.924878 0.630569 0.058537 0.120325
2 0.870732 0.672195 0.083902 0.106016
2 0.858537 0.870569 0.079024 0.082602
2 0.571951 0.807154 0.057073 0.094309
2 0.539878 0.903740 0.069024 0.100813
2 0.816220 0.229431 0.072439 0.096585
2 0.777317 0.124715 0.060976 0.082276
2 0.676829 0.060163 0.074634 0.081301
2 0.420000 0.072195 0.063415 0.102764
2 0.562195 0.137236 0.069756 0.081301
2 0.739024 0.686341 0.074146 0.093333
