0 0.046341 0.169268 0.067317 0.101789
0 0.084512 0.149756 0.064146 0.101789
0 0.175976 0.043415 0.066585 0.082276
0 0.211341 0.122602 0.078780 0.082602
0 0.245122 0.210894 0.063415 0.098537
0 0.173537 0.341463 0.065122 0.084553
0 0.233780 0.406016 0.071463 0.090081
0 0.149512 0.461463 0.065854 0.094309
0 0.211707 0.497073 0.058537 0.072520
0 0.254024 0.566992 0.060244 0.086829
0 0.173902 0.649919 0.060976 0.079024
0 0.095122 0.587154 0.064390 0.079024
0 0.027317 0.598537 0.048780 0.093333
0 0.038659 0.746992 0.066585 0.082602
0 0.106463 0.769756 0.067561 0.099512
0 0.208537 0.763252 0.064878 0.089106
0 0.095976 0.867317 0.059268 0.082602
0 0.394268 0.698699 0.067561 0.079024
0 0.462439 0.488943 0.065854 0.088780
0 0.356098 0.188780 0.072195 0.088780
0 0.662683 0.327480 0.064390 0.078049
0 0.752805 0.277561 0.062683 0.086829
0 0.903659 0.233171 0.068293 0.104065
0 0.960244 0.293821 0.075610 0.099837
0 0.893902 0.325366 0.058537 0.082276
0 0.865854 0.614146 0.059512 0.083577
0 0.861829 0.946341 0.078780 0.097561
0 0.760488 0.882927 0.063415 0.081301
0 0.914634 0.810894 0.067317 0.086829
0 0.714268 0.680325 0.071463 0.087805
0 0.631707 0.690081 0.056098 0.068293
0 0.555732 0.599024 0.061707 0.076748
0 0.493902 0.787642 0.071707 0.092358
0 0.478049 0.872683 0.072195 0.101789
1 0.648780 0.166016 0.031707 0.036748
1 0.710610 0.461951 0.028537 0.036748
1 0.033780 0.466829 0.035854 0.046504
1 0.811341 0.977398 0.025122 0.033496
2 0.330488 0.101463 0.073171 0.087805
2 0.625122 0.051057 0.080488 0.082602
2 0.825244 0.065203 0.067561 0.095285
2 0.915488 0.096098 0.059268 0.092033
2 0.824390 0.333984 0.072195 0.104065
2 0.896341 0.404390 0.084390 0.080325
2 0.921951 0.531870 0.064390 0.085528
2 0.909024 0.571382 0.070732 0.084553
2 0.712927 0.538374 0.060976 0.090081
2 0.668659 0.460325 0.070000 0.085528
2 0.653293 0.618049 0.071463 0.093333
2 0.688171 0.828293 0.061707 0.084553
2 0.688171 0.903577 0.076341 0.079024
2 0.815854 0.840813 0.061951 0.103089
2 0.440610 0.599512 0.062683 0.099837
2 0.421585 0.787642 0.061707 0.087805
2 0.300854 0.455935 0.072439 0.087805
2 0.446341 0.373008 0.070732 0.091057
2 0.289878 0.801138 0.086098 0.095285
2 0.359390 0.783740 0.059268 0.091057
2 0.555732 0.440650 0.070000 0.100813
2 0.949634 0.884715 0.072439 0.093333
