0 0.142683 0.181626 0.063415 0.092033
0 0.126829 0.055447 0.075610 0.086829
0 0.088171 0.132358 0.060244 0.071545
0 0.256098 0.242927 0.065854 0.086504
0 0.264268 0.360000 0.064146 0.082602
0 0.180854 0.373496 0.070000 0.085528
0 0.187439 0.585528 0.070000 0.080325
0 0.358902 0.344390 0.071463 0.081301
0 0.427195 0.278699 0.061707 0.108618
0 0.475976 0.201138 0.061707 0.072520
0 0.607683 0.213008 0.060244 0.081301
0 0.674878 0.214309 0.065854 0.094309
0 0.616707 0.086829 0.071463 0.106016
0 0.783780 0.152846 0.064146 0.078049
0 0.939024 0.190894 0.064390 0.082602
0 0.910610 0.664715 0.069024 0.097561
0 0.977805 0.692195 0.044390 0.092033
0 0.906951 0.892358 0.070000 0.084553
0 0.775976 0.918862 0.065122 0.092033
0 0.545488 0.596911 0.059268 0.079024
0 0.607317 0.549268 0.060976 0.081301
0 0.741463 0.511870 0.060976 0.071545
0 0.494268 0.426667 0.067561 0.081301
0 0.251585 0.872846 0.065122 0.084553
0 0.158902 0.962927 0.072927 0.074146
0 0.068780 0.476423 0.058537 0.074797
0 0.193902 0.493333 0.068293 0.086504
0 0.415488 0.490569 0.059268 0.072520
0 0.825610 0.045203 0.073171 0.087805
0 0.458171 0.045528 0.070000 0.084553
0 0.475610 0.861463 0.064390 0.081301
0 0.408049 0.881951 0.060976 0.083252
0 0.592561 0.964065 0.063659 0.071870
0 0.670610 0.971545 0.067073 0.056911
0 0.329634 0.766992 0.066585 0.070569
0 0.028415 0.648943 0.054390 0.103089
1 0.843537 0.241301 0.022683 0.033821
1 0.679634 0.896098 0.030000 0.026992
1 0.578537 0.149756 0.024390 0.030244
2 0.330488 0.057561 0.081463 0.080000
2 0.417073 0.414634 0.060976 0.068293
2 0.310976 0.691707 0.069756 0.082602
2 0.395976 0.641301 0.073902 0.107317
2 0.178415 0.785041 0.074878 0.097561
2 0.118293 0.857073 0.066829 0.083577
2 0.054024 0.964553 0.063171 0.070894
2 0.686220 0.723252 0.069024 0.078049
2 0.853293 0.824553 0.065122 0.098537
2 0.921098 0.576260 0.067561 0.089756
2 0.825610 0.576748 0.082927 0.101789
2 0.804512 0.271057 0.060244 0.086829
2 0.598415 0.428293 0.062683 0.084553
2 0.545488 0.259187 0.078780 0.073496
2 0.349512 0.938374 0.085366 0.066016
2 0.181220 0.267805 0.070732 0.099837
