0 0.214634 0.151870 0.065854 0.078049
0 0.283780 0.181789 0.073902 0.087805
0 0.260244 0.322602 0.070732 0.083252
0 0.262927 0.530732 0.073171 0.087805
0 0.170732 0.377236 0.072195 0.084553
0 0.171951 0.278537 0.063415 0.080325
0 0.037073 0.198537 0.063415 0.101789
0 0.062927 0.472033 0.066829 0.083577
0 0.068293 0.595285 0.060976 0.086829
0 0.139024 0.574146 0.064390 0.085528
0 0.141098 0.674959 0.065122 0.077073
0 0.358902 0.670569 0.056829 0.072846
0 0.223171 0.933008 0.068293 0.074797
0 0.059390 0.935610 0.069024 0.078049
0 0.410488 0.439187 0.070732 0.082276
0 0.511829 0.157886 0.060244 0.077073
0 0.569024 0.373984 0.065854 0.084553
0 0.536585 0.472195 0.075610 0.087805
0 0.671098 0.953008 0.070000 0.080325
0 0.742561 0.960163 0.063171 0.079675
0 0.924024 0.794797 0.079756 0.097561
0 0.909756 0.666341 0.067317 0.081301
0 0.899146 0.577236 0.072439 0.081301
0 0.835000 0.490569 0.062683 0.077073
0 0.970976 0.438862 0.058049 0.081626
0 0.763415 0.476585 0.054634 0.072520
0 0.684878 0.473821 0.068293 0.093008
0 0.453659 0.640813 0.067317 0.093333
0 0.440732 0.733496 0.056098 0.070569
0 0.381463 0.962927 0.067805 0.074146
0 0.707317 0.368130 0.072195 0.081301
0 0.918780 0.256911 0.070732 0.078049
0 0.930488 0.165854 0.066829 0.078049
0 0.807683 0.096098 0.065122 0.092033
0 0.181341 0.068943 0.054390 0.072846
1 0.764634 0.401626 0.029268 0.042276
1 0.200244 0.811220 0.027805 0.031545
1 0.036585 0.100325 0.023415 0.033496
2 0.430244 0.902927 0.056098 0.119350
2 0.483293 0.873333 0.070000 0.090081
2 0.630854 0.195285 0.069024 0.060813
2 0.444878 0.275935 0.072195 0.079024
2 0.093537 0.175122 0.067561 0.092033
