0 0.284146 0.107967 0.061951 0.089756
0 0.119512 0.181789 0.065854 0.087805
0 0.154878 0.298211 0.058537 0.080000
0 0.532439 0.200650 0.065854 0.093008
0 0.745976 0.189756 0.065122 0.080325
0 0.832561 0.214146 0.059268 0.090081
0 0.755732 0.438537 0.061707 0.083577
0 0.777317 0.582276 0.070732 0.088780
0 0.599634 0.446829 0.055366 0.097561
0 0.546341 0.568618 0.065854 0.083577
0 0.602805 0.672195 0.070000 0.108618
0 0.741463 0.822276 0.054634 0.090081
0 0.662927 0.854797 0.068293 0.072520
0 0.702439 0.924228 0.067317 0.081301
0 0.872317 0.892846 0.069024 0.092033
0 0.774024 0.110081 0.064146 0.072520
0 0.199146 0.210894 0.069024 0.079024
0 0.141463 0.545366 0.062439 0.071545
0 0.104024 0.694309 0.062683 0.081301
0 0.086098 0.952520 0.065854 0.081301
0 0.163415 0.952358 0.072195 0.083577
0 0.170366 0.858537 0.071463 0.091057
0 0.030976 0.615772 0.056098 0.080325
0 0.352073 0.525366 0.077317 0.090081
0 0.437317 0.613171 0.070732 0.077073
0 0.886585 0.793496 0.066829 0.091057
0 0.391829 0.881301 0.064146 0.091057
0 0.352073 0.183902 0.054390 0.083577
0 0.425244 0.039675 0.064146 0.072846
0 0.500732 0.039187 0.070732 0.073821
1 0.480976 0.770894 0.039024 0.049756
1 0.788171 0.832520 0.026098 0.039024
1 0.569512 0.278211 0.039024 0.051057
2 0.207317 0.549756 0.057561 0.106341
2 0.196341 0.753984 0.057073 0.079024
2 0.494634 0.656585 0.063415 0.087805
2 0.335732 0.900325 0.087073 0.103089
2 0.704878 0.641301 0.090244 0.070244
2 0.384878 0.358862 0.082927 0.062764
2 0.944756 0.930244 0.064146 0.073821
2 0.842683 0.552846 0.039024 0.084553
