0 0.112195 0.120976 0.057561 0.085854
0 0.295976 0.080813 0.069024 0.085528
0 0.435366 0.195772 0.071707 0.098862
0 0.504878 0.128455 0.062439 0.081301
0 0.673171 0.338862 0.072195 0.113821
0 0.806585 0.374146 0.060976 0.093333
0 0.843171 0.474959 0.085366 0.108293
0 0.965244 0.657724 0.069512 0.107642
0 0.956098 0.844553 0.064390 0.095610
0 0.865854 0.748618 0.057561 0.096260
0 0.797561 0.750244 0.054634 0.089106
0 0.714634 0.645203 0.070732 0.084553
0 0.582561 0.764228 0.079756 0.084553
0 0.542683 0.848780 0.063415 0.097561
0 0.444634 0.662927 0.060976 0.085528
0 0.470244 0.837073 0.058537 0.084553
0 0.653171 0.902439 0.068293 0.087805
0 0.685854 0.816423 0.063415 0.086829
0 0.877561 0.106829 0.068293 0.090081
0 0.950488 0.144228 0.070732 0.099837
0 0.962805 0.232195 0.074390 0.087154
0 0.950000 0.523577 0.058537 0.071545
0 0.901220 0.598537 0.052195 0.082276
0 0.443415 0.294472 0.063415 0.079024
0 0.404512 0.453821 0.071463 0.090081
0 0.377683 0.319350 0.060244 0.105366
0 0.327317 0.388780 0.063415 0.090081
0 0.367561 0.609268 0.065854 0.088780
0 0.275976 0.740488 0.061707 0.082602
0 0.150000 0.784390 0.073171 0.089756
0 0.415000 0.785366 0.066585 0.094309
0 0.120732 0.360000 0.069756 0.078049
0 0.065366 0.300325 0.058537 0.080325
0 0.092195 0.529593 0.058537 0.103089
1 0.485854 0.450081 0.024390 0.032520
2 0.295488 0.214634 0.055366 0.104065
2 0.189390 0.090081 0.072439 0.080000
2 0.669878 0.196911 0.043171 0.105041
2 0.829268 0.251545 0.062439 0.106341
2 0.785732 0.567480 0.065122 0.081301
2 0.594390 0.612358 0.046341 0.084553
