0 0.293537 0.216911 0.064146 0.084553
0 0.238659 0.086341 0.060244 0.077073
0 0.111829 0.190407 0.061707 0.072520
0 0.076463 0.084553 0.067561 0.084553
0 0.050732 0.318862 0.068293 0.080325
0 0.070732 0.410407 0.052683 0.074797
0 0.180488 0.569756 0.067317 0.083252
0 0.256098 0.513984 0.056098 0.082276
0 0.272439 0.385528 0.065854 0.085528
0 0.174024 0.668455 0.067561 0.079024
0 0.071951 0.783902 0.063415 0.086829
0 0.048780 0.897073 0.069268 0.092033
0 0.324390 0.584390 0.059512 0.080000
0 0.391463 0.565528 0.060000 0.081301
0 0.380488 0.439675 0.054634 0.087805
0 0.478902 0.142602 0.069024 0.079024
0 0.606951 0.068455 0.060244 0.088780
0 0.725122 0.081951 0.065854 0.083252
0 0.801220 0.085203 0.068293 0.094309
0 0.657317 0.171382 0.066829 0.089106
0 0.771585 0.222927 0.067561 0.098537
0 0.870366 0.280325 0.056829 0.094309
0 0.903659 0.443415 0.060000 0.075772
0 0.850366 0.683577 0.059268 0.094309
0 0.748780 0.635772 0.059512 0.081301
0 0.709756 0.426667 0.059512 0.092358
0 0.917927 0.360976 0.072439 0.071545
0 0.948415 0.163252 0.051951 0.079350
0 0.706829 0.832195 0.082927 0.109268
0 0.891463 0.927480 0.073171 0.089756
0 0.567805 0.886829 0.068293 0.095610
0 0.570732 0.762114 0.067317 0.095285
0 0.358537 0.826667 0.059512 0.079350
0 0.304024 0.882439 0.059268 0.082276
0 0.285366 0.750244 0.056098 0.082602
0 0.177561 0.763252 0.073171 0.089106
0 0.168293 0.824065 0.069268 0.084553
0 0.447561 0.369106 0.057073 0.081301
1 0.527683 0.579024 0.034878 0.043252
1 0.395122 0.680813 0.021951 0.034797
1 0.155244 0.978699 0.038293 0.042602
1 0.093171 0.249431 0.024390 0.030569
2 0.142683 0.473821 0.107317 0.078049
2 0.779634 0.403415 0.072439 0.093333
2 0.850366 0.856423 0.108049 0.088780
2 0.347073 0.965528 0.100000 0.068293
2 0.395610 0.187642 0.078049 0.071545
2 0.180122 0.147480 0.066585 0.075772
