0 0.151220 0.150244 0.080488 0.111870
0 0.086585 0.211382 0.064878 0.078049
0 0.211829 0.219675 0.060244 0.085528
0 0.198049 0.310569 0.071707 0.079350
0 0.382927 0.195122 0.054634 0.078049
0 0.305488 0.085366 0.061707 0.092033
0 0.381707 0.104715 0.071707 0.081301
0 0.289390 0.437561 0.062683 0.079024
0 0.350366 0.478862 0.062683 0.103089
0 0.418780 0.501463 0.056098 0.092358
0 0.412561 0.626667 0.071463 0.071545
0 0.487073 0.538862 0.070732 0.091057
0 0.541463 0.601301 0.059512 0.087805
0 0.625610 0.348618 0.061951 0.083252
0 0.698049 0.052033 0.053659 0.091057
0 0.917805 0.129756 0.074146 0.092358
0 0.926829 0.281301 0.072195 0.087805
0 0.850854 0.332846 0.071463 0.082276
0 0.781707 0.388130 0.060000 0.088780
0 0.841098 0.422927 0.055366 0.082276
0 0.835732 0.641301 0.069024 0.092358
0 0.868659 0.792520 0.066585 0.073496
0 0.768293 0.668943 0.057561 0.076098
0 0.690244 0.588293 0.064390 0.074797
0 0.702439 0.768130 0.057561 0.076748
0 0.723171 0.845691 0.057073 0.075772
0 0.676829 0.900976 0.060000 0.069268
0 0.158537 0.534472 0.064390 0.086829
0 0.148415 0.448455 0.060244 0.068293
0 0.047195 0.490081 0.069024 0.076098
0 0.052073 0.638049 0.067561 0.085854
0 0.113415 0.856423 0.071707 0.082276
0 0.169756 0.796423 0.057561 0.072846
0 0.270244 0.728618 0.073171 0.082276
0 0.490244 0.205528 0.067317 0.087805
1 0.510122 0.654309 0.027561 0.035772
1 0.753659 0.947480 0.025366 0.030244
2 0.261829 0.602276 0.083659 0.068293
2 0.794756 0.769106 0.089512 0.113821
2 0.948293 0.699187 0.068293 0.097561
2 0.866220 0.576260 0.065122 0.120325
2 0.833780 0.240000 0.047073 0.072846
2 0.481220 0.118211 0.041463 0.082276
2 0.523537 0.782276 0.072439 0.090081
2 0.939024 0.367642 0.062439 0.073821
