0 0.248293 0.242927 0.073171 0.097561
0 0.393171 0.209919 0.063415 0.072520
0 0.413049 0.096585 0.067561 0.093008
0 0.464634 0.037073 0.060000 0.073496
0 0.566585 0.147480 0.060976 0.080325
0 0.583780 0.236423 0.057805 0.076098
0 0.599024 0.372520 0.058537 0.092033
0 0.547561 0.307967 0.066829 0.082602
0 0.695122 0.392520 0.072195 0.086504
0 0.674756 0.479187 0.064146 0.080325
0 0.814268 0.439675 0.060244 0.076748
0 0.665488 0.059187 0.071463 0.083252
0 0.887805 0.059187 0.060976 0.092358
0 0.864634 0.308455 0.055122 0.070569
0 0.899268 0.593008 0.080488 0.099837
0 0.756951 0.867967 0.078780 0.100813
0 0.584878 0.788780 0.087805 0.116098
0 0.481707 0.864065 0.066829 0.108618
0 0.428780 0.731220 0.073171 0.092033
0 0.554878 0.647317 0.069756 0.075772
0 0.461341 0.521463 0.060244 0.080325
0 0.482927 0.437561 0.067317 0.079024
0 0.392195 0.509106 0.068293 0.085528
0 0.396829 0.409106 0.065854 0.068293
0 0.394268 0.299837 0.069024 0.070244
0 0.291829 0.466667 0.078780 0.087805
0 0.235732 0.338374 0.073902 0.080325
0 0.156463 0.453659 0.066585 0.074797
0 0.093537 0.525203 0.057805 0.074797
0 0.183293 0.606667 0.065122 0.092033
0 0.248415 0.731382 0.061707 0.081301
0 0.369512 0.845691 0.058537 0.073821
0 0.318293 0.793008 0.061951 0.072520
0 0.260610 0.881951 0.056829 0.079350
0 0.129756 0.811057 0.078049 0.078049
0 0.284146 0.657073 0.053659 0.075772
0 0.654878 0.705854 0.045366 0.067317
0 0.660122 0.143740 0.064146 0.068293
0 0.649268 0.225041 0.058537 0.079350
0 0.293415 0.162764 0.060976 0.075772
0 0.349512 0.138211 0.060976 0.068293
0 0.229756 0.143740 0.058537 0.087805
0 0.101220 0.077561 0.061951 0.079024
0 0.107317 0.265041 0.060976 0.081301
0 0.031585 0.798211 0.062683 0.084228
1 0.174756 0.288943 0.023659 0.033496
1 0.245854 0.526504 0.024390 0.035772
1 0.199512 0.091707 0.029268 0.033821
2 0.902439 0.750244 0.065854 0.162602
2 0.035366 0.647805 0.068293 0.094309
2 0.722683 0.208780 0.080488 0.070244
