0 0.128049 0.057561 0.069756 0.091057
0 0.132073 0.205041 0.056829 0.075772
0 0.226341 0.134634 0.053659 0.071545
0 0.248049 0.225041 0.051220 0.068293
0 0.218659 0.312195 0.069024 0.091057
0 0.157683 0.359512 0.059268 0.077073
0 0.208537 0.457073 0.066829 0.085528
0 0.119146 0.475447 0.066585 0.081301
0 0.344268 0.205528 0.070000 0.087805
0 0.448293 0.148130 0.063415 0.092033
0 0.579634 0.228293 0.078780 0.087805
0 0.561829 0.323089 0.067561 0.088780
0 0.966220 0.176260 0.065122 0.083252
0 0.943537 0.078699 0.065122 0.089756
0 0.925244 0.338374 0.057805 0.073821
0 0.920732 0.653333 0.064878 0.094309
0 0.949146 0.771870 0.081220 0.080325
0 0.879756 0.838049 0.070732 0.078049
0 0.782439 0.724715 0.078049 0.077073
0 0.736220 0.648455 0.070000 0.084553
0 0.635000 0.441789 0.059268 0.079024
0 0.488171 0.460163 0.066585 0.087805
0 0.421585 0.376748 0.051951 0.090081
0 0.365854 0.443902 0.064390 0.081301
0 0.441463 0.594797 0.056098 0.081301
0 0.484878 0.713821 0.058537 0.074797
0 0.603293 0.681951 0.064146 0.091057
0 0.706951 0.758862 0.055366 0.069268
0 0.694634 0.923740 0.082927 0.080325
0 0.593171 0.853821 0.058537 0.079024
0 0.643049 0.796911 0.059268 0.082276
0 0.543049 0.784390 0.064146 0.096260
0 0.388293 0.804228 0.058537 0.082602
0 0.430122 0.675935 0.059268 0.064065
0 0.311829 0.680325 0.065122 0.074797
0 0.263780 0.880976 0.071463 0.074797
0 0.178902 0.711707 0.072439 0.070569
0 0.049634 0.629919 0.069024 0.086504
0 0.078415 0.893333 0.066585 0.091057
1 0.787805 0.151382 0.023415 0.038049
1 0.743902 0.975285 0.030244 0.035772
2 0.452439 0.251057 0.097561 0.063740
2 0.493902 0.348130 0.087805 0.067317
2 0.419878 0.924228 0.084634 0.094309
2 0.133293 0.596911 0.059268 0.098537
2 0.040732 0.207154 0.060976 0.058537
