0 0.133659 0.127967 0.063415 0.095285
0 0.157683 0.222927 0.064146 0.085528
0 0.046829 0.064065 0.063415 0.089106
0 0.112561 0.040813 0.060244 0.080976
0 0.057683 0.298699 0.059268 0.079024
0 0.089024 0.379512 0.066829 0.082602
0 0.144268 0.434797 0.065122 0.078049
0 0.202439 0.538374 0.067317 0.079024
0 0.261707 0.653659 0.060976 0.078049
0 0.192195 0.685203 0.063415 0.069593
0 0.415854 0.678211 0.064878 0.090081
0 0.491463 0.661789 0.071707 0.087805
0 0.483659 0.535610 0.060976 0.084553
0 0.404878 0.490081 0.060976 0.082602
0 0.515854 0.414309 0.060000 0.084553
0 0.432927 0.384390 0.071707 0.079350
0 0.437073 0.246667 0.073171 0.083577
0 0.528049 0.113984 0.061951 0.080325
0 0.622683 0.155772 0.065854 0.087805
0 0.733780 0.422927 0.071463 0.080325
0 0.643537 0.571870 0.070000 0.072520
0 0.710610 0.529593 0.067561 0.103089
0 0.711829 0.782276 0.065122 0.079024
0 0.711829 0.874309 0.065122 0.079024
0 0.828537 0.081951 0.065854 0.072846
0 0.901220 0.072195 0.064878 0.079350
0 0.718780 0.073333 0.051220 0.077073
0 0.692683 0.270569 0.051220 0.076748
0 0.880488 0.407154 0.069268 0.092358
0 0.925610 0.586504 0.057073 0.082276
0 0.847561 0.634797 0.053659 0.081301
0 0.789024 0.887480 0.060000 0.081301
0 0.577683 0.793659 0.056829 0.062764
0 0.539024 0.972683 0.056098 0.054634
0 0.269512 0.893821 0.074634 0.109593
0 0.820732 0.222439 0.061951 0.091057
0 0.324756 0.151870 0.060244 0.073496
0 0.458902 0.066179 0.060244 0.082276
1 0.971951 0.524878 0.027805 0.039024
1 0.957683 0.735610 0.028537 0.046829
1 0.197927 0.287317 0.022683 0.023740
2 0.416585 0.313984 0.058537 0.053008
2 0.368659 0.432195 0.056829 0.055285
2 0.112927 0.676423 0.046341 0.071545
2 0.565122 0.613171 0.090244 0.072520
2 0.717073 0.709593 0.059512 0.068293
2 0.441098 0.913333 0.109024 0.111545
2 0.175610 0.944228 0.067317 0.067317
2 0.394756 0.580000 0.081220 0.073821
2 0.694268 0.197886 0.078780 0.066016
2 0.780854 0.276585 0.084634 0.062764
2 0.024756 0.400650 0.049024 0.122276
2 0.046341 0.206179 0.074146 0.104065
