0 0.083780 0.142764 0.069024 0.081301
0 0.056463 0.050569 0.071463 0.090081
0 0.125244 0.260163 0.067561 0.084553
0 0.295122 0.291707 0.060976 0.084553
0 0.210976 0.347480 0.066829 0.085528
0 0.149878 0.504715 0.068537 0.081301
0 0.111341 0.591870 0.064146 0.084553
0 0.065488 0.609919 0.061707 0.079024
0 0.243902 0.650569 0.072195 0.099837
0 0.278049 0.595772 0.059512 0.072846
0 0.319146 0.673333 0.061707 0.095285
0 0.237317 0.784390 0.070732 0.081301
0 0.295976 0.880325 0.069024 0.086504
0 0.219024 0.929106 0.082927 0.080000
0 0.060244 0.920488 0.075610 0.075772
0 0.073659 0.488455 0.073171 0.092358
0 0.406463 0.493333 0.069024 0.071545
0 0.350000 0.432195 0.074634 0.081301
0 0.583780 0.505854 0.062683 0.090081
0 0.398293 0.659675 0.070732 0.079024
0 0.429268 0.577886 0.065854 0.091057
0 0.536951 0.730244 0.061707 0.083577
0 0.605610 0.669268 0.070732 0.079350
0 0.661707 0.601789 0.070732 0.093333
0 0.614268 0.757236 0.056829 0.079024
0 0.566220 0.874797 0.070000 0.084553
0 0.719024 0.488943 0.068293 0.082276
0 0.680488 0.406016 0.062439 0.096585
0 0.610122 0.351870 0.060244 0.076748
0 0.441463 0.175772 0.062439 0.086829
0 0.512561 0.144878 0.066585 0.083577
0 0.631341 0.166016 0.066585 0.073821
0 0.712927 0.195772 0.067317 0.081301
0 0.785000 0.239675 0.065122 0.082602
0 0.881707 0.274797 0.066829 0.087805
0 0.948293 0.220163 0.058537 0.078049
0 0.804024 0.663577 0.072439 0.080325
0 0.762195 0.811057 0.071707 0.078049
0 0.903659 0.901951 0.064878 0.075772
0 0.945122 0.832520 0.058537 0.071545
0 0.954268 0.977073 0.065610 0.045854
0 0.363902 0.945366 0.058537 0.082602
0 0.865366 0.042927 0.058537 0.083252
0 0.284146 0.166504 0.069756 0.079350
1 0.226341 0.173984 0.029268 0.035772
1 0.797561 0.740488 0.023415 0.034472
2 0.489390 0.452033 0.052927 0.065041
2 0.506585 0.558374 0.075610 0.091057
2 0.417073 0.884715 0.059512 0.086829
2 0.882927 0.568455 0.081951 0.065041
2 0.830488 0.106341 0.069756 0.063089
2 0.692317 0.694959 0.056829 0.089106
2 0.731707 0.091220 0.049756 0.075772
2 0.953293 0.105691 0.061707 0.094309
2 0.839756 0.965691 0.093171 0.068618
