0 0.089390 0.061951 0.072439 0.082276
0 0.119878 0.204390 0.071463 0.085528
0 0.254878 0.146016 0.060000 0.074797
0 0.305366 0.075935 0.063415 0.067317
0 0.463780 0.157236 0.071463 0.069268
0 0.396829 0.275447 0.065854 0.071545
0 0.759390 0.277398 0.067561 0.078049
0 0.854512 0.229919 0.064146 0.078049
0 0.961829 0.286341 0.067561 0.080325
0 0.833293 0.440813 0.057805 0.070569
0 0.825122 0.560000 0.060976 0.072846
0 0.735366 0.709593 0.063415 0.098862
0 0.832073 0.794634 0.065122 0.080325
0 0.913415 0.904715 0.061951 0.089756
0 0.632073 0.801626 0.070000 0.087805
0 0.538171 0.820813 0.059268 0.078049
0 0.510854 0.959675 0.072927 0.080650
0 0.376951 0.834797 0.065122 0.089106
0 0.329268 0.745854 0.079024 0.119350
0 0.415854 0.692683 0.057073 0.078049
0 0.406585 0.581626 0.070732 0.096585
0 0.496829 0.458049 0.060976 0.083577
0 0.643902 0.415772 0.051220 0.083577
0 0.241098 0.590407 0.070000 0.090081
0 0.163415 0.754634 0.060976 0.086829
0 0.246829 0.925366 0.068293 0.096585
0 0.106463 0.817561 0.069024 0.084553
0 0.053171 0.546992 0.068293 0.089756
0 0.044756 0.381138 0.067561 0.085854
0 0.661707 0.232358 0.075610 0.093333
0 0.656341 0.134472 0.065854 0.086829
0 0.344268 0.155122 0.070000 0.066992
1 0.279268 0.507480 0.034146 0.049756
2 0.267927 0.459837 0.047073 0.117073
2 0.632195 0.493333 0.087805 0.066992
2 0.733780 0.568130 0.055366 0.093008
2 0.443902 0.830407 0.057561 0.114797
2 0.042195 0.626341 0.083902 0.063740
2 0.833293 0.317073 0.072439 0.094309
