0 0.101220 0.059187 0.060000 0.085854
0 0.204390 0.205528 0.068293 0.089756
0 0.341829 0.149106 0.065122 0.083577
0 0.386220 0.306992 0.069024 0.078049
0 0.533415 0.077073 0.060976 0.071545
0 0.720732 0.214634 0.058537 0.078049
0 0.668293 0.275935 0.064390 0.092033
0 0.412927 0.394146 0.065854 0.089756
0 0.348049 0.427805 0.060976 0.072520
0 0.400732 0.486341 0.070732 0.070569
0 0.244268 0.373008 0.065122 0.080000
0 0.248049 0.476585 0.070732 0.092033
0 0.233780 0.571382 0.061707 0.076098
0 0.108902 0.601789 0.069024 0.067317
0 0.082561 0.722114 0.071463 0.075772
0 0.098780 0.837561 0.071707 0.083577
0 0.175122 0.920488 0.073171 0.073821
0 0.282073 0.687317 0.057805 0.069268
0 0.374756 0.658699 0.077317 0.079024
0 0.478537 0.793659 0.063415 0.086829
0 0.508171 0.951382 0.067561 0.079024
0 0.618780 0.643577 0.060976 0.081301
0 0.598293 0.425691 0.065854 0.081301
0 0.595488 0.371382 0.060244 0.079350
0 0.668780 0.382114 0.063415 0.094309
0 0.736585 0.464065 0.060976 0.080000
0 0.671951 0.585366 0.068293 0.084553
0 0.870366 0.404390 0.060244 0.095285
0 0.897927 0.559512 0.066585 0.080325
0 0.912561 0.607317 0.074878 0.086829
0 0.891098 0.721626 0.059268 0.087805
0 0.909756 0.814146 0.054634 0.088780
0 0.774756 0.823415 0.059268 0.070244
0 0.875244 0.099187 0.070000 0.081301
0 0.135732 0.530732 0.054390 0.070244
0 0.164146 0.792520 0.051220 0.063089
0 0.058171 0.961626 0.050488 0.065041
0 0.391951 0.860813 0.075610 0.069593
0 0.751951 0.544228 0.065854 0.069268
0 0.834146 0.492683 0.080488 0.068293
0 0.975854 0.634472 0.048293 0.080000
1 0.465122 0.314472 0.026829 0.034472
1 0.193902 0.352846 0.024390 0.035772
1 0.536585 0.858049 0.026829 0.038049
1 0.945854 0.461463 0.024390 0.035772
2 0.905244 0.914472 0.089512 0.070244
2 0.707683 0.651707 0.050488 0.104065
2 0.566585 0.764878 0.080488 0.057236
2 0.798049 0.124228 0.063415 0.076748
2 0.392683 0.213659 0.069268 0.053984
2 0.396707 0.074472 0.072439 0.074797
2 0.320976 0.956911 0.067317 0.086179
3 0.271463 0.855935 0.134146 0.172358
