0 0.229634 0.158862 0.073415 0.096585
0 0.230488 0.042927 0.071707 0.076748
0 0.179390 0.254146 0.062683 0.075122
0 0.131829 0.429919 0.061707 0.066341
0 0.042561 0.225528 0.058780 0.084878
0 0.428049 0.089756 0.066829 0.078049
0 0.537805 0.146992 0.050244 0.089756
0 0.588293 0.046179 0.058537 0.083252
0 0.680854 0.119350 0.070000 0.080000
0 0.638780 0.237398 0.062439 0.075447
0 0.694146 0.282602 0.056098 0.061789
0 0.892683 0.274634 0.052683 0.064065
0 0.910610 0.668293 0.062683 0.087805
0 0.891707 0.771220 0.060976 0.086179
0 0.860488 0.927805 0.063415 0.084553
0 0.782317 0.965366 0.068537 0.066016
0 0.674146 0.961789 0.061951 0.076423
0 0.501341 0.907642 0.069024 0.092358
0 0.313049 0.890894 0.059268 0.065366
0 0.361585 0.682764 0.057805 0.086829
0 0.426585 0.559350 0.057561 0.071545
0 0.236951 0.587967 0.058780 0.078699
0 0.291220 0.646829 0.063415 0.065041
0 0.174634 0.528780 0.063902 0.068943
0 0.143049 0.602439 0.064146 0.073821
0 0.083537 0.566829 0.049512 0.075447
0 0.375976 0.146992 0.051951 0.070244
0 0.436341 0.758862 0.057561 0.082276
0 0.208659 0.908780 0.059268 0.062114
0 0.157561 0.957724 0.054146 0.078699
0 0.105732 0.755610 0.072439 0.062764
0 0.521098 0.671870 0.062683 0.086504
0 0.840732 0.602439 0.065854 0.075772
1 0.253293 0.335610 0.027561 0.035772
2 0.393171 0.293008 0.082927 0.066341
2 0.274146 0.258537 0.078049 0.068293
2 0.791585 0.794309 0.067561 0.114797
1 0.771098 0.847317 0.050488 0.066016
2 0.864634 0.031545 0.060000 0.058537
2 0.906951 0.495447 0.050488 0.127805
2 0.437805 0.627805 0.096098 0.056260
2 0.295976 0.725854 0.067561 0.081301
2 0.928049 0.925854 0.057073 0.102114
2 0.159756 0.337236 0.050244 0.084553
2 0.602439 0.429431 0.057561 0.073821
2 0.441098 0.400650 0.070000 0.074797
