0 0.060244 0.132846 0.065854 0.090081
0 0.157683 0.104228 0.067561 0.088780
0 0.216341 0.034309 0.065854 0.067967
0 0.287317 0.036423 0.058537 0.068293
0 0.423659 0.054797 0.060976 0.083577
0 0.526463 0.143089 0.060244 0.078049
0 0.662073 0.038537 0.065122 0.076423
0 0.859390 0.340976 0.057805 0.079024
0 0.840244 0.430407 0.061951 0.080325
0 0.921098 0.433171 0.052927 0.085854
0 0.678780 0.214309 0.065854 0.081301
0 0.718780 0.694309 0.060976 0.074797
0 0.687805 0.794146 0.067317 0.089756
0 0.932927 0.782764 0.050244 0.099512
0 0.843902 0.968943 0.062439 0.062114
0 0.977073 0.929106 0.045854 0.080000
0 0.485366 0.868943 0.067317 0.089756
0 0.831341 0.793984 0.055366 0.079024
0 0.370366 0.718374 0.061707 0.087805
0 0.314268 0.649919 0.066585 0.085528
0 0.256098 0.843902 0.060976 0.081301
0 0.121951 0.900976 0.062439 0.075772
0 0.071098 0.811382 0.065122 0.081301
0 0.083293 0.584390 0.076341 0.115122
0 0.117561 0.469593 0.073171 0.071545
0 0.236951 0.471707 0.051951 0.082276
0 0.339756 0.344715 0.065854 0.091057
0 0.442317 0.193171 0.054390 0.071545
0 0.516341 0.376748 0.060976 0.090081
0 0.516220 0.288943 0.062683 0.079024
0 0.269878 0.178374 0.057805 0.083577
0 0.191098 0.208293 0.062683 0.082276
0 0.117073 0.255935 0.072195 0.078049
0 0.220366 0.297073 0.062683 0.088780
0 0.139268 0.676911 0.068293 0.066016
1 0.776463 0.198862 0.033415 0.040000
1 0.857683 0.249919 0.028537 0.031545
1 0.494756 0.532358 0.026098 0.032520
1 0.230122 0.687805 0.028537 0.035772
1 0.177317 0.396748 0.026829 0.032520
2 0.284146 0.493821 0.069756 0.092033
2 0.054878 0.719837 0.073171 0.069268
2 0.052927 0.390407 0.065854 0.164878
2 0.642683 0.422927 0.045366 0.049756
2 0.611707 0.277073 0.058537 0.107317
2 0.653659 0.142602 0.047805 0.092033
2 0.752439 0.903089 0.057073 0.141138
