0 0.413415 0.066179 0.055122 0.073821
0 0.462927 0.131220 0.068293 0.080325
0 0.450732 0.225041 0.073171 0.081301
0 0.409756 0.293984 0.064390 0.078049
0 0.467805 0.395285 0.058537 0.077073
0 0.582073 0.289919 0.064146 0.070569
0 0.659756 0.299837 0.064878 0.076748
0 0.712927 0.333496 0.056098 0.070569
0 0.672805 0.129593 0.061707 0.083577
0 0.786220 0.071545 0.064146 0.097561
0 0.710976 0.645691 0.074634 0.085528
0 0.925976 0.606667 0.059268 0.083577
0 0.963415 0.724553 0.067317 0.078049
0 0.870244 0.899837 0.058537 0.084553
0 0.926341 0.862439 0.053659 0.087805
0 0.762561 0.937724 0.062683 0.088780
0 0.699634 0.914959 0.055366 0.086829
0 0.508537 0.647317 0.061951 0.088780
0 0.456585 0.748780 0.078049 0.077073
0 0.362195 0.779512 0.069756 0.086504
0 0.401707 0.563902 0.056098 0.078049
0 0.659756 0.533496 0.082927 0.093333
0 0.291951 0.614146 0.056098 0.077073
0 0.203659 0.603902 0.069756 0.078049
0 0.113780 0.607154 0.057805 0.084553
0 0.088171 0.798374 0.084634 0.107317
0 0.168293 0.913821 0.072195 0.097561
0 0.039024 0.919512 0.069268 0.080325
0 0.079268 0.426179 0.064878 0.086829
0 0.036220 0.347480 0.060244 0.083577
0 0.195488 0.351220 0.071463 0.078049
0 0.841829 0.461301 0.065122 0.070569
0 0.976585 0.179675 0.046829 0.083577
0 0.517927 0.071707 0.064146 0.075772
0 0.354390 0.179512 0.060976 0.085854
0 0.524756 0.818049 0.060244 0.079024
1 0.100732 0.343089 0.026829 0.042276
1 0.345854 0.420163 0.024390 0.037724
1 0.203659 0.717724 0.035610 0.047480
1 0.837805 0.544228 0.025854 0.030244
1 0.908537 0.739350 0.029268 0.036748
1 0.967073 0.786016 0.019512 0.027967
1 0.364146 0.056423 0.031707 0.043252
1 0.483780 0.561626 0.025122 0.027967
2 0.271951 0.100325 0.066829 0.096585
2 0.412195 0.372520 0.046341 0.066016
2 0.339878 0.372358 0.093415 0.068293
2 0.240976 0.790407 0.058537 0.088780
2 0.280488 0.918374 0.080488 0.065041
2 0.845122 0.746992 0.060000 0.102114
2 0.900366 0.138211 0.079756 0.100813
2 0.234146 0.271707 0.085366 0.072520
