0 0.153659 0.112846 0.057561 0.078049
0 0.264024 0.167642 0.061707 0.079024
0 0.234146 0.273171 0.065854 0.091057
0 0.199634 0.367154 0.070000 0.100813
0 0.141098 0.272683 0.065122 0.092033
0 0.445976 0.217398 0.060244 0.083577
0 0.481707 0.293821 0.058537 0.086829
0 0.524390 0.360650 0.074146 0.068293
0 0.643049 0.287967 0.062683 0.083577
0 0.694268 0.213008 0.069024 0.081301
0 0.765488 0.316748 0.066585 0.084553
0 0.703659 0.385528 0.066829 0.083577
0 0.878902 0.209431 0.057805 0.071545
0 0.950000 0.457561 0.057073 0.084553
0 0.921220 0.580488 0.075610 0.094309
0 0.759756 0.497724 0.066829 0.088780
0 0.625610 0.492358 0.068293 0.091057
0 0.552439 0.490081 0.063415 0.080000
0 0.739024 0.709593 0.064390 0.092358
0 0.837439 0.866667 0.062683 0.068293
0 0.941463 0.697724 0.065854 0.077073
0 0.306098 0.818049 0.073171 0.096585
0 0.062195 0.833659 0.064878 0.080325
0 0.085732 0.924228 0.070000 0.083252
0 0.130122 0.630407 0.067561 0.096585
0 0.312927 0.458211 0.051220 0.074797
0 0.489390 0.603415 0.067561 0.092033
0 0.389024 0.924228 0.068293 0.079350
0 0.131707 0.783252 0.069268 0.083577
0 0.950000 0.300325 0.060000 0.106341
0 0.915000 0.383252 0.060244 0.072520
1 0.796341 0.833821 0.024390 0.032520
1 0.727683 0.878699 0.030000 0.042276
1 0.914268 0.079187 0.032439 0.041301
1 0.214268 0.042927 0.022683 0.027317
2 0.426463 0.446667 0.074878 0.119350
2 0.386098 0.660163 0.051220 0.104065
2 0.325610 0.951870 0.068293 0.091057
2 0.107683 0.411545 0.099268 0.059512
2 0.187317 0.200163 0.048780 0.096585
2 0.378049 0.126829 0.054634 0.084553
2 0.598293 0.624553 0.090244 0.082276
2 0.509390 0.791382 0.060244 0.095285
