0 0.118293 0.072195 0.053659 0.070244
0 0.238171 0.053821 0.077317 0.083577
0 0.319512 0.108455 0.065854 0.082276
0 0.281341 0.177886 0.064146 0.076098
0 0.449634 0.063577 0.064146 0.092033
0 0.555732 0.042927 0.066585 0.068293
0 0.614146 0.195122 0.058537 0.084553
0 0.698780 0.184390 0.066829 0.089106
0 0.789024 0.187154 0.073171 0.098537
0 0.810122 0.045041 0.066585 0.085528
0 0.532927 0.370894 0.061951 0.099837
0 0.694634 0.313333 0.082927 0.082276
0 0.651585 0.407642 0.055366 0.086829
0 0.678780 0.510081 0.060976 0.083577
0 0.680488 0.606016 0.065854 0.080325
0 0.882439 0.741463 0.068293 0.091057
0 0.775000 0.905203 0.069024 0.093333
0 0.868659 0.916098 0.079756 0.084553
0 0.930854 0.858537 0.059268 0.084553
0 0.925976 0.507317 0.059268 0.091057
0 0.706098 0.917724 0.055122 0.085854
0 0.676341 0.825528 0.070732 0.090081
0 0.521463 0.765528 0.063415 0.078049
0 0.478049 0.680813 0.074146 0.082276
0 0.458171 0.588293 0.061707 0.081301
0 0.354146 0.567642 0.053659 0.079024
0 0.384512 0.642439 0.059268 0.070569
0 0.265000 0.861951 0.062683 0.082276
0 0.187805 0.853821 0.065854 0.085528
0 0.198049 0.653333 0.053659 0.081301
0 0.087805 0.675935 0.064390 0.072520
0 0.907683 0.255935 0.070000 0.078049
1 0.150000 0.481463 0.025854 0.034797
1 0.145976 0.692358 0.026098 0.029268
1 0.148415 0.780488 0.022683 0.032520
1 0.007195 0.495935 0.013902 0.031870
2 0.209756 0.293984 0.047805 0.091057
2 0.265000 0.259675 0.078780 0.066016
2 0.383780 0.267967 0.062683 0.071545
2 0.265366 0.634309 0.068293 0.086829
2 0.602439 0.563902 0.090244 0.084553
2 0.548780 0.649919 0.042927 0.077073
2 0.610244 0.635285 0.073171 0.067317
2 0.525976 0.858049 0.062683 0.072520
