0 0.143537 0.064553 0.065122 0.077073
0 0.318293 0.039837 0.068293 0.079024
0 0.153171 0.149756 0.073171 0.080325
0 0.181707 0.294959 0.069756 0.089106
0 0.132561 0.232195 0.054390 0.065041
0 0.347561 0.297073 0.064878 0.086829
0 0.397195 0.369106 0.066585 0.068293
0 0.469146 0.268943 0.069024 0.091057
0 0.615000 0.161138 0.081220 0.079024
0 0.498293 0.189756 0.056098 0.073821
0 0.570366 0.452683 0.070000 0.083252
0 0.573537 0.620163 0.066585 0.080000
0 0.658049 0.633171 0.058537 0.089106
0 0.739512 0.479837 0.058537 0.096585
0 0.730122 0.361138 0.064146 0.088780
0 0.780854 0.251057 0.056829 0.079350
0 0.789024 0.166504 0.068293 0.070244
0 0.872439 0.137236 0.070732 0.085854
0 0.952439 0.231545 0.066829 0.087805
0 0.888537 0.303089 0.060976 0.074797
0 0.813780 0.435772 0.064146 0.065041
0 0.955610 0.705691 0.068293 0.091057
0 0.865854 0.779024 0.065854 0.083577
0 0.554512 0.753984 0.067561 0.079024
0 0.595488 0.920976 0.070000 0.083252
0 0.400366 0.773008 0.056829 0.084553
0 0.358171 0.938862 0.061707 0.084553
0 0.345488 0.704715 0.064146 0.086504
0 0.408537 0.535285 0.063415 0.078049
0 0.337073 0.536585 0.063415 0.084553
0 0.268293 0.538862 0.064390 0.084553
0 0.362561 0.436423 0.069024 0.083252
0 0.263415 0.344878 0.070732 0.088780
0 0.058902 0.690569 0.074878 0.080325
0 0.051585 0.838049 0.061707 0.084553
0 0.123659 0.951870 0.070732 0.095610
0 0.609756 0.702602 0.056098 0.073821
0 0.591463 0.070569 0.061951 0.106016
0 0.054878 0.439024 0.066829 0.071545
1 0.615000 0.850407 0.027561 0.042276
1 0.901951 0.244065 0.024390 0.034797
1 0.018659 0.061789 0.030000 0.032520
2 0.116707 0.774634 0.079756 0.068293
2 0.247927 0.205528 0.072439 0.118374
2 0.652805 0.459187 0.112927 0.105366
2 0.662561 0.835935 0.052927 0.138862
2 0.904512 0.382764 0.081220 0.065041
2 0.361463 0.097236 0.048780 0.094309
2 0.419024 0.299837 0.063415 0.105366
