0 0.212439 0.119350 0.061463 0.086504
0 0.252805 0.214959 0.062683 0.086504
0 0.325976 0.147967 0.067561 0.076748
0 0.528049 0.160488 0.074634 0.093333
0 0.616585 0.088455 0.081951 0.086504
0 0.682317 0.172520 0.055854 0.081626
0 0.773537 0.116098 0.061707 0.086504
0 0.824634 0.186667 0.053659 0.097561
0 0.891951 0.206179 0.068780 0.084553
1 0.279634 0.510732 0.021707 0.034797
2 0.719878 0.502764 0.058780 0.080000
0 0.510244 0.349106 0.068293 0.088780
0 0.677683 0.279350 0.055366 0.081301
0 0.703171 0.391545 0.060976 0.084553
0 0.916585 0.379512 0.068293 0.097561
0 0.828415 0.561626 0.067561 0.086504
0 0.857317 0.644553 0.061951 0.068293
0 0.868293 0.733496 0.065854 0.079024
0 0.954878 0.722114 0.053659 0.069268
0 0.833780 0.950894 0.061707 0.078049
0 0.716220 0.865691 0.064146 0.068293
0 0.652805 0.746016 0.044634 0.058537
0 0.473902 0.688455 0.060976 0.078049
0 0.479268 0.586504 0.066829 0.086829
0 0.269146 0.331220 0.067561 0.079024
0 0.250366 0.452683 0.073902 0.076748
0 0.325976 0.636423 0.067561 0.080000
0 0.297195 0.768130 0.070000 0.079350
0 0.221951 0.790407 0.065854 0.075772
0 0.096829 0.771382 0.065854 0.089756
0 0.086220 0.949106 0.067561 0.085528
0 0.102561 0.654146 0.054390 0.072520
0 0.096707 0.244065 0.067561 0.082276
0 0.509390 0.957236 0.056829 0.075772
0 0.595122 0.194146 0.060976 0.084553
1 0.536951 0.454797 0.027561 0.033496
1 0.295488 0.694472 0.026098 0.026992
1 0.215488 0.848293 0.020244 0.020488
1 0.144756 0.969268 0.025122 0.028293
1 0.662195 0.338862 0.024390 0.031220
2 0.440244 0.140976 0.071707 0.075772
2 0.124878 0.563740 0.068293 0.060813
2 0.368293 0.742602 0.074146 0.080325
2 0.725610 0.753984 0.081463 0.066016
2 0.706463 0.655935 0.057805 0.136585
2 0.444268 0.766992 0.076341 0.070569
2 0.333171 0.975935 0.086829 0.048130
2 0.220000 0.904715 0.078049 0.068293
