0 0.143415 0.076585 0.058537 0.079024
0 0.306463 0.079187 0.064146 0.095285
0 0.421951 0.125854 0.051220 0.093008
0 0.520732 0.286829 0.058537 0.092358
0 0.683415 0.194634 0.053659 0.077073
0 0.815854 0.246179 0.064878 0.080000
0 0.891829 0.243577 0.064146 0.081301
0 0.843537 0.388618 0.056829 0.081301
0 0.925244 0.487805 0.072439 0.084553
0 0.913780 0.618537 0.072439 0.083252
0 0.895122 0.748130 0.069268 0.088780
0 0.786098 0.765854 0.065854 0.087805
0 0.752439 0.909593 0.060000 0.082602
0 0.563049 0.529106 0.070000 0.089106
0 0.539390 0.683089 0.056829 0.101789
0 0.478049 0.783740 0.057561 0.078049
0 0.456585 0.861951 0.068293 0.069268
0 0.705244 0.745854 0.065122 0.073821
0 0.778537 0.323252 0.073171 0.084553
0 0.761829 0.370244 0.064146 0.085528
0 0.971341 0.330894 0.057317 0.071870
0 0.147561 0.263089 0.057073 0.077398
0 0.031585 0.535285 0.062683 0.080650
0 0.236585 0.541463 0.065854 0.081301
0 0.336585 0.584390 0.064390 0.093008
0 0.269512 0.649431 0.063415 0.093008
0 0.189878 0.837073 0.066585 0.084553
0 0.406098 0.924715 0.066829 0.099837
0 0.765854 0.545366 0.070732 0.073496
0 0.313902 0.299837 0.060976 0.081301
0 0.393902 0.332846 0.052195 0.088780
0 0.387439 0.465691 0.066585 0.081301
0 0.198780 0.196748 0.060000 0.087805
0 0.597073 0.110569 0.082927 0.097561
0 0.803659 0.074959 0.063415 0.093333
0 0.369878 0.760976 0.057805 0.065041
0 0.315854 0.799024 0.052195 0.097561
0 0.217927 0.922114 0.064146 0.083577
1 0.188659 0.582764 0.033415 0.037724
1 0.105366 0.712358 0.029268 0.036748
1 0.705488 0.636911 0.023659 0.033496
1 0.902439 0.550244 0.020488 0.029268
1 0.958171 0.903089 0.026098 0.034472
2 0.306829 0.179512 0.048780 0.089756
2 0.253659 0.191545 0.054634 0.146341
2 0.455366 0.202276 0.124390 0.070244
2 0.480122 0.653821 0.051951 0.099837
2 0.569512 0.795772 0.073171 0.069593
