0 0.197561 0.137236 0.065854 0.074797
0 0.084146 0.119837 0.068293 0.077073
0 0.154878 0.221301 0.069756 0.086829
0 0.031707 0.193659 0.060976 0.083577
0 0.176829 0.046829 0.063415 0.078049
0 0.308049 0.102439 0.065854 0.081301
0 0.261463 0.182764 0.068293 0.085854
0 0.415366 0.120976 0.060976 0.085854
0 0.502439 0.079675 0.067317 0.094309
0 0.733659 0.235935 0.073171 0.096585
0 0.965000 0.189268 0.062683 0.092358
0 0.855244 0.464553 0.048049 0.083577
0 0.897561 0.599024 0.064390 0.083252
0 0.789024 0.581138 0.061951 0.078049
0 0.763415 0.844065 0.069268 0.079024
0 0.743537 0.932846 0.070000 0.070569
0 0.675244 0.952846 0.066585 0.078049
0 0.559390 0.781138 0.064146 0.085854
0 0.505732 0.896098 0.057805 0.072520
0 0.443415 0.970569 0.053659 0.058862
0 0.437073 0.716748 0.073171 0.078049
0 0.510610 0.540163 0.064146 0.084553
0 0.433780 0.463089 0.065122 0.084553
0 0.459756 0.369106 0.069756 0.081301
0 0.474024 0.251545 0.054390 0.075772
0 0.197561 0.586016 0.070732 0.100813
0 0.150000 0.679187 0.068293 0.103089
0 0.086585 0.817886 0.061951 0.087805
0 0.139878 0.925854 0.069024 0.078049
0 0.043537 0.931870 0.074878 0.072520
0 0.074024 0.725854 0.077317 0.085854
0 0.035732 0.480163 0.070976 0.095935
0 0.104512 0.403902 0.055366 0.081301
0 0.353049 0.848293 0.065122 0.083577
0 0.247927 0.890569 0.067561 0.090081
0 0.673171 0.373008 0.070732 0.084553
0 0.600366 0.394634 0.055366 0.073821
0 0.601951 0.309106 0.063415 0.082276
1 0.782195 0.228780 0.021951 0.034797
2 0.197927 0.825528 0.074878 0.059512
2 0.367073 0.601789 0.047317 0.086829
2 0.253293 0.409919 0.074878 0.095285
2 0.354024 0.219512 0.060244 0.074797
2 0.654512 0.172033 0.049512 0.074797
2 0.521098 0.193659 0.064146 0.118049
2 0.744756 0.122927 0.048049 0.109268
2 0.718659 0.777398 0.049512 0.108293
2 0.659024 0.787642 0.063415 0.063740
2 0.915854 0.964065 0.076585 0.071870
2 0.689024 0.466341 0.052195 0.065041
2 0.830366 0.657561 0.050488 0.102764
2 0.930122 0.075447 0.077317 0.059837
2 0.398415 0.351870 0.052927 0.128780
